299  0.846147
299.01  0.909774
299.02  0.975709
299.03  1.043952
299.04  1.114504
299.05  1.187365
299.06  1.262535
299.07  1.340014
299.08  1.419803
299.09  1.501902
299.1  1.586310
299.11  1.673029
299.12  1.762058
299.13  1.853397
299.14  1.947048
299.15  2.043009
299.16  2.141281
299.17  2.241865
299.18  2.344760
299.19  2.449967
299.2  2.557485
299.21  2.667316
299.22  2.779459
299.23  0.084900
299.24  0.078307
299.25  0.079301
299.26  0.081601
299.27  0.083934
299.28  0.072667
299.29  0.074878
299.3  0.077121
299.31  0.079398
299.32  0.076948
299.33  0.079220
299.34  0.081524
299.35  0.073475
299.36  0.075683
299.37  0.072368
299.38  0.074559
299.39  0.076783
299.4  0.069795
299.41  0.071939
299.42  0.074115
299.43  0.069184
299.44  0.071324
299.45  0.073496
299.46  0.075701
299.47  0.072117
299.48  0.074299
299.49  0.067100
299.5  0.069203
299.51  0.071338
299.52  0.070120
299.53  0.068957
299.54  0.071105
299.55  0.069138
299.56  0.060641
299.57  0.062624
299.58  0.064639
299.59  0.067051
299.6  0.068764
299.61  0.066573
299.62  0.067729
299.63  0.070250
299.64  0.066157
299.65  0.066482
299.66  0.066662
299.67  0.065609
299.68  0.064987
299.69  0.069353
299.7  0.057021
299.71  0.059933
299.72  0.064043
299.73  0.068358
299.74  0.070048
299.75  0.067537
299.76  0.067096
299.77  0.063862
299.78  0.068157
299.79  0.067018
299.8  0.068469
299.81  0.064283
299.82  0.068144
299.83  0.067292
299.84  0.061519
299.85  0.062302
299.86  0.066505
299.87  0.061077
299.88  0.065091
299.89  0.065621
299.9  0.059389
299.91  0.063407
299.92  0.067621
299.93  0.064308
299.94  0.068598
299.95  0.060442
299.96  0.064415
299.97  0.059890
299.98  0.063921
299.99  0.068148
300  0.067083
300.01  0.068849
300.02  0.069218
300.03  0.068435
300.04  0.063688
300.05  0.067897
300.06  0.068951
300.07  4.283494
300.08  4.107925
300.09  3.936032
300.1  3.767816
300.11  3.603276
300.12  3.442412
300.13  3.285224
300.14  3.131711
300.15  2.981875
300.16  2.835713
300.17  2.693227
300.18  2.554415
300.19  2.419279
300.2  2.287817
300.21  2.160029
300.22  2.035915
300.23  1.915476
300.24  1.798710
300.25  1.685618
300.26  1.576199
300.27  1.470454
300.28  1.368382
300.29  1.269983
300.3  1.175256
300.31  1.084202
300.32  0.996820
300.33  0.913110
300.34  0.833073
300.35  1.438969
300.36  1.387511
300.37  1.336989
300.38  1.287404
300.39  1.238756
300.4  1.191045
300.41  1.144270
300.42  1.098432
300.43  1.053531
300.44  1.009567
300.45  0.966540
300.46  0.924449
300.47  0.883295
300.48  0.843079
300.49  0.803799
300.5  3.164762
300.51  3.042696
300.52  2.923032
300.53  2.805769
300.54  2.690907
300.55  2.578447
300.56  2.468387
300.57  2.360729
300.58  2.255472
300.59  2.152617
300.6  2.052162
300.61  1.954108
300.62  1.858456
300.63  1.765204
300.64  1.674353
300.65  1.585902
300.66  1.499853
300.67  1.416204
300.68  1.334955
300.69  1.256108
300.7  1.179661
300.71  1.105614
300.72  1.033967
300.73  0.964721
300.74  0.897876
300.75  0.833430
300.76  0.784817
300.77  0.862499
300.78  0.943844
300.79  1.028853
300.8  1.117525
300.81  1.209861
300.82  1.305860
300.83  1.405522
300.84  1.262618
300.85  1.363035
300.86  1.467554
300.87  1.576205
300.88  1.689016
300.89  1.806014
300.9  1.927227
300.91  2.052685
300.92  2.182414
300.93  2.316444
300.94  2.454802
300.95  2.597517
300.96  2.744617
300.97  2.896129
300.98  3.052083
300.99  3.212507
301  3.377429