299  2.861253
299.01  2.715807
299.02  2.574540
299.03  2.437420
299.04  2.304416
299.05  2.175500
299.06  2.050638
299.07  1.929801
299.08  1.812959
299.09  1.700080
299.1  1.591134
299.11  1.486091
299.12  1.384920
299.13  1.287591
299.14  1.194073
299.15  1.104337
299.16  1.018351
299.17  0.936086
299.18  0.857511
299.19  0.782597
299.2  0.711312
299.21  0.643628
299.22  0.579514
299.23  0.518939
299.24  0.461875
299.25  0.408291
299.26  0.358157
299.27  0.311444
299.28  0.268121
299.29  0.228160
299.3  0.191529
299.31  0.158201
299.32  0.128145
299.33  0.101331
299.34  0.077731
299.35  0.077037
299.36  0.079313
299.37  0.081623
299.38  0.054416
299.39  0.056317
299.4  0.047795
299.41  0.049584
299.42  0.051405
299.43  0.053259
299.44  0.047885
299.45  0.050962
299.46  0.062519
299.47  0.075261
299.48  0.089188
299.49  0.112871
299.5  0.143843
299.51  0.178665
299.52  0.217369
299.53  0.259986
299.54  0.306545
299.55  0.357078
299.56  0.411616
299.57  0.470189
299.58  0.532829
299.59  0.599566
299.6  0.670431
299.61  0.745456
299.62  0.824671
299.63  0.908107
299.64  0.995796
299.65  1.087768
299.66  1.184055
299.67  1.284687
299.68  1.389696
299.69  1.499113
299.7  1.612970
299.71  1.731296
299.72  1.854124
299.73  2.703964
299.74  2.585012
299.75  2.468736
299.76  2.391076
299.77  2.536880
299.78  2.687374
299.79  2.842588
299.8  3.002554
299.81  0.003958
299.82  0.003500
299.83  0.003081
299.84  0.002698
299.85  0.002349
299.86  0.002033
299.87  0.001747
299.88  0.001490
299.89  0.001260
299.9  0.001056
299.91  0.000875
299.92  0.000716
299.93  0.000577
299.94  0.000457
299.95  0.000355
299.96  0.000268
299.97  0.000196
299.98  0.000138
299.99  0.000092
300  0.000056
300.01  0.000030
300.02  0.000013
300.03  0.000003
300.04  0.000000
300.05  0.000002
300.06  0.000010
300.07  0.000020
300.08  0.000034
300.09  0.000051
300.1  0.000069
300.11  0.000087
300.12  0.000106
300.13  0.000125
300.14  0.000144
300.15  0.000161
300.16  0.000177
300.17  0.000190
300.18  0.000202
300.19  0.000212
300.2  0.000218
300.21  0.000223
300.22  0.000224
300.23  0.000223
300.24  0.000219
300.25  0.000212
300.26  0.000203
300.27  0.000191
300.28  0.000177
300.29  0.000162
300.3  0.000144
300.31  0.000126
300.32  0.000107
300.33  0.000088
300.34  0.000069
300.35  0.000051
300.36  0.000035
300.37  0.000021
300.38  0.000010
300.39  0.000003
300.4  0.000000
300.41  0.000003
300.42  0.000012
300.43  0.000029
300.44  0.000055
300.45  0.000090
300.46  0.000136
300.47  0.000194
300.48  0.000265
300.49  0.000351
300.5  0.000453
300.51  0.000572
300.52  0.000710
300.53  0.000868
300.54  0.001048
300.55  0.001252
300.56  0.001481
300.57  0.001736
300.58  0.002021
300.59  0.002336
300.6  0.002683
300.61  0.003065
300.62  0.003483
300.63  0.003939
300.64  0.004435
300.65  0.004974
300.66  0.005558
300.67  0.006188
300.68  0.006868
300.69  0.007599
300.7  0.008384
300.71  0.009225
300.72  0.010126
300.73  0.011087
300.74  0.012112
300.75  0.013204
300.76  0.014365
300.77  0.015598
300.78  0.016906
300.79  0.018292
300.8  0.019757
300.81  0.021307
300.82  0.022942
300.83  0.024667
300.84  0.026485
300.85  0.028398
300.86  0.030410
300.87  0.032524
300.88  0.034743
300.89  0.037071
300.9  0.039511
300.91  0.042067
300.92  0.044741
300.93  0.047539
300.94  0.050462
300.95  0.053515
300.96  0.056701
300.97  0.060025
300.98  0.063489
300.99  0.067098
301  0.070856