299 368.297 187 80.2771 C57 188
299.001 368.297 187 80.2771 C57 188
299.002 368.297 187 80.2771 C57 188
299.003 368.297 186 80.2208 B169 187
299.004 368.297 186 80.2208 B169 187
299.005 368.297 185 79.9736 A66 186
299.006 368.297 185 79.9736 A66 186
299.007 368.297 186 80.2208 B169 187
299.008 368.297 185 79.9736 A66 186
299.009 368.297 185 79.9736 A66 186
299.01 368.297 185 79.9736 A66 186
299.011 368.297 185 79.9736 A66 186
299.012 368.297 186 80.2208 B169 187
299.013 368.297 186 80.2208 B169 187
299.014 368.297 186 80.2208 B169 187
299.015 368.297 186 80.2208 B169 187
299.016 368.297 186 80.2208 B169 187
299.017 368.297 187 80.2771 C57 188
299.018 368.297 187 80.2771 C57 188
299.019 368.297 187 80.2771 C57 188
299.02 368.297 187 80.2771 C57 188
299.021 367.222 186 80.2208 B169 187
299.022 367.222 186 80.2208 B169 187
299.023 367.222 186 80.2208 B169 187
299.024 366.962 185 79.9736 A66 186
299.025 366.962 184 79.9099 C47 185
299.026 366.962 184 79.9099 C47 185
299.027 366.962 185 79.9736 A66 186
299.028 366.962 185 79.9736 A66 186
299.029 366.962 186 80.2208 B169 187
299.03 366.962 186 80.2208 B169 187
299.031 366.962 186 80.2208 B169 187
299.032 366.962 186 80.2208 B169 187
299.033 366.962 186 80.2208 B169 187
299.034 366.962 186 80.2208 B169 187
299.035 366.962 186 80.0136 B37 187
299.036 366.962 186 80.0136 B37 187
299.037 366.962 186 80.0136 B37 187
299.038 366.962 186 80.0136 B37 187
299.039 366.962 186 80.0136 B37 187
299.04 366.962 186 80.0136 B37 187
299.041 366.962 187 80.2469 B140 188
299.042 366.962 187 80.2469 B140 188
299.043 366.962 186 80.0136 B37 187
299.044 366.962 186 80.0136 B37 187
299.045 366.962 186 80.0136 B37 187
299.046 366.962 186 80.0136 B37 187
299.047 366.962 186 80.0136 B37 187
299.048 366.962 186 80.0136 B37 187
299.049 366.962 186 80.0136 B37 187
299.05 366.962 186 80.0136 B37 187
299.051 366.962 186 80.0136 B37 187
299.052 366.962 187 79.9781 B243 188
299.053 366.962 187 79.9781 B243 188
299.054 366.962 187 79.9781 B243 188
299.055 366.962 187 79.9781 B243 188
299.056 366.962 188 80.1359 B178 189
299.057 366.962 188 80.1359 B178 189
299.058 366.962 188 80.1359 B178 189
299.059 366.962 188 80.1359 B178 189
299.06 366.962 189 80.2658 C70 190
299.061 366.962 189 80.2658 C70 190
299.062 366.962 189 80.2658 C70 190
299.063 366.962 189 80.2658 C70 190
299.064 366.962 189 80.2658 C70 190
299.065 366.962 189 80.2658 C70 190
299.066 366.962 189 80.2658 C70 190
299.067 366.962 190 80.4592 B30 191
299.068 366.962 190 80.4592 B30 191
299.069 366.962 189 80.2658 C70 190
299.07 366.962 189 80.2658 C70 190
299.071 366.962 189 80.2658 C70 190
299.072 366.962 189 80.2658 C70 190
299.073 366.962 189 80.2658 C70 190
299.074 366.751 188 80.1359 B178 189
299.075 366.751 187 79.9781 B243 188
299.076 366.751 187 79.9781 B243 188
299.077 366.751 187 79.9781 B243 188
299.078 366.751 187 79.9781 B243 188
299.079 366.751 187 79.9781 B243 188
299.08 366.751 187 79.9781 B243 188
299.081 366.751 186 79.9089 C82 187
299.082 366.751 186 79.9089 C82 187
299.083 366.751 186 79.9089 C82 187
299.084 366.751 186 79.9089 C82 187
299.085 366.751 186 79.9089 C82 187
299.086 366.751 187 79.9781 B243 188
299.087 366.751 187 79.9781 B243 188
299.088 366.751 187 79.9781 B243 188
299.089 366.751 187 79.9781 B243 188
299.09 366.751 187 79.9781 B243 188
299.091 366.751 187 79.9781 B243 188
299.092 366.751 187 79.9781 B243 188
299.093 366.751 188 80.1359 B178 189
299.094 366.751 188 80.1359 B178 189
299.095 366.751 188 80.1359 B178 189
299.096 366.751 188 80.1359 B178 189
299.097 366.751 188 80.1359 B178 189
299.098 366.751 189 80.2658 C70 190
299.099 366.751 189 80.2658 C70 190
299.1 366.751 189 80.2658 C70 190
299.101 366.751 188 80.1359 B178 189
299.102 366.751 188 80.1359 B178 189
299.103 366.751 188 80.1359 B178 189
299.104 366.751 189 80.2658 C70 190
299.105 366.751 189 80.2658 C70 190
299.106 366.751 189 80.2658 C70 190
299.107 366.751 190 80.4592 B30 191
299.108 366.751 189 80.2658 C70 190
299.109 365.773 189 80.2658 C70 190
299.11 365.773 188 80.1359 B178 189
299.111 365.773 187 79.9781 B243 188
299.112 365.773 187 79.9781 B243 188
299.113 365.773 187 79.9781 B243 188
299.114 365.773 188 80.1359 B178 189
299.115 365.773 188 80.1359 B178 189
299.116 365.773 188 80.1359 B178 189
299.117 365.773 189 80.2658 C70 190
299.118 365.773 189 80.2658 C70 190
299.119 365.773 190 80.4592 B30 191
299.12 365.773 189 80.2658 C70 190
299.121 365.773 189 80.2658 C70 190
299.122 365.773 189 80.2658 C70 190
299.123 365.773 189 80.2658 C70 190
299.124 365.773 189 80.2658 C70 190
299.125 365.773 189 80.2658 C70 190
299.126 365.773 189 80.2658 C70 190
299.127 365.773 189 80.2658 C70 190
299.128 365.773 189 80.2658 C70 190
299.129 365.773 188 80.1359 B178 189
299.13 365.773 188 80.1359 B178 189
299.131 365.773 188 80.1359 B178 189
299.132 365.773 188 80.1359 B178 189
299.133 365.773 187 79.9781 B243 188
299.134 365.773 186 79.9089 C82 187
299.135 365.773 186 79.9089 C82 187
299.136 365.773 185 79.8021 B38 186
299.137 365.773 185 79.8021 B38 186
299.138 365.773 185 79.8021 B38 186
299.139 365.773 186 79.9089 C82 187
299.14 365.773 187 79.9781 B243 188
299.141 365.773 187 79.9781 B243 188
299.142 365.773 187 79.9781 B243 188
299.143 365.773 187 79.9781 B243 188
299.144 365.773 188 80.1359 B178 189
299.145 365.773 188 80.1359 B178 189
299.146 365.773 189 80.2658 C70 190
299.147 365.773 190 80.4592 B30 191
299.148 365.773 190 80.4592 B30 191
299.149 365.773 190 80.4592 B30 191
299.15 365.773 191 80.5266 B47 192
299.151 365.773 191 80.5266 B47 192
299.152 365.773 191 80.5266 B47 192
299.153 365.773 191 80.5266 B47 192
299.154 365.773 190 80.4592 B30 191
299.155 365.773 190 80.4592 B30 191
299.156 365.773 190 80.4592 B30 191
299.157 365.773 191 80.5266 B47 192
299.158 365.773 191 80.5266 B47 192
299.159 365.773 191 80.5266 B47 192
299.16 365.773 191 80.5266 B47 192
299.161 365.773 191 80.5266 B47 192
299.162 365.773 191 80.5266 B47 192
299.163 365.773 192 80.7041 B14 193
299.164 365.773 192 80.7041 B14 193
299.165 365.773 193 80.806 C95 194
299.166 365.773 193 80.806 C95 194
299.167 365.773 193 80.806 C95 194
299.168 364.648 192 80.7041 B14 193
299.169 364.648 192 80.7041 B14 193
299.17 364.648 193 80.806 C95 194
299.171 364.648 193 80.806 C95 194
299.172 364.648 194 80.8946 B141 195
299.173 364.648 194 80.8946 B141 195
299.174 364.648 194 80.8946 B141 195
299.175 364.648 194 80.8946 B141 195
299.176 364.648 195 81.9642 C59 196
299.177 364.648 195 81.9642 C59 196
299.178 364.648 195 81.9642 C59 196
299.179 364.648 194 80.8946 B141 195
299.18 364.648 194 80.8946 B141 195
299.181 364.648 194 80.8946 B141 195
299.182 364.648 194 80.8946 B141 195
299.183 364.648 194 80.8946 B141 195
299.184 364.648 194 80.8946 B141 195
299.185 364.648 194 80.8946 B141 195
299.186 364.648 194 80.8946 B141 195
299.187 364.648 194 80.8946 B141 195
299.188 364.648 195 81.9642 C59 196
299.189 364.648 195 81.9642 C59 196
299.19 364.648 194 80.8946 B141 195
299.191 364.648 195 81.9642 C59 196
299.192 364.648 193 80.806 C95 194
299.193 364.648 193 80.806 C95 194
299.194 364.648 193 80.806 C95 194
299.195 364.648 193 80.806 C95 194
299.196 364.648 193 80.806 C95 194
299.197 364.648 192 80.7041 B14 193
299.198 364.648 192 80.7041 B14 193
299.199 364.648 192 80.7041 B14 193
299.2 364.648 192 80.7041 B14 193
299.201 364.648 192 80.7041 B14 193
299.202 363.832 192 80.7041 B14 193
299.203 363.832 192 80.7041 B14 193
299.204 363.832 191 80.5266 B47 192
299.205 363.832 192 80.7041 B14 193
299.206 363.832 191 80.5266 B47 192
299.207 363.832 192 80.7041 B14 193
299.208 363.832 193 80.806 C95 194
299.209 363.832 193 80.806 C95 194
299.21 362.469 192 80.7041 B14 193
299.211 362.469 192 80.7041 B14 193
299.212 362.469 192 80.7041 B14 193
299.213 362.469 192 80.7041 B14 193
299.214 362.469 192 80.7041 B14 193
299.215 362.469 192 80.7041 B14 193
299.216 362.469 192 80.7041 B14 193
299.217 362.469 192 80.7041 B14 193
299.218 362.469 192 80.7041 B14 193
299.219 362.469 191 80.5266 B47 192
299.22 362.469 192 80.7041 B14 193
299.221 362.469 192 80.7041 B14 193
299.222 362.469 192 80.7041 B14 193
299.223 362.469 193 80.806 C95 194
299.224 362.469 193 80.806 C95 194
299.225 362.469 193 80.806 C95 194
299.226 362.469 193 80.806 C95 194
299.227 362.469 193 80.806 C95 194
299.228 362.469 192 80.7041 B14 193
299.229 362.469 190 80.4592 B30 191
299.23 362.432 189 80.2658 C70 190
299.231 362.432 188 80.1359 B178 189
299.232 362.432 190 80.4592 B30 191
299.233 362.432 191 80.5266 B47 192
299.234 362.432 191 80.5266 B47 192
299.235 362.432 193 80.806 C95 194
299.236 362.432 192 80.7041 B14 193
299.237 362.432 192 80.7041 B14 193
299.238 362.432 192 80.7041 B14 193
299.239 362.432 193 80.806 C95 194
299.24 362.432 192 80.7041 B14 193
299.241 362.432 192 80.7041 B14 193
299.242 362.432 193 80.806 C95 194
299.243 362.432 193 80.806 C95 194
299.244 362.432 193 80.806 C95 194
299.245 362.209 194 80.8946 B141 195
299.246 362.209 194 80.8946 B141 195
299.247 362.209 196 82.0351 B198 197
299.248 362.209 196 82.0351 B198 197
299.249 362.209 196 82.0351 B198 197
299.25 362.209 196 82.0351 B198 197
299.251 362.209 195 81.9642 C59 196
299.252 362.209 196 82.0351 B198 197
299.253 362.209 197 82.1055 C138 198
299.254 362.209 197 82.1055 C138 198
299.255 362.209 198 82.2895 B23 199
299.256 362.209 198 82.2895 B23 199
299.257 362.209 198 82.2895 B23 199
299.258 362.209 198 82.2895 B23 199
299.259 362.209 198 82.2895 B23 199
299.26 362.209 198 82.2895 B23 199
299.261 362.209 198 82.2895 B23 199
299.262 362.209 198 82.2895 B23 199
299.263 362.209 197 82.1055 C138 198
299.264 362.209 196 82.0351 B198 197
299.265 362.209 196 82.0351 B198 197
299.266 362.209 195 81.9642 C59 196
299.267 362.209 194 80.8946 B141 195
299.268 362.209 193 80.806 C95 194
299.269 362.209 192 80.7041 B14 193
299.27 362.209 192 80.7041 B14 193
299.271 362.209 193 80.806 C95 194
299.272 362.209 193 80.806 C95 194
299.273 362.209 192 80.7041 B14 193
299.274 362.209 192 80.7041 B14 193
299.275 362.209 192 80.7041 B14 193
299.276 362.209 192 80.7041 B14 193
299.277 362.209 191 80.5266 B47 192
299.278 362.209 190 80.4592 B30 191
299.279 362.209 191 80.5266 B47 192
299.28 362.209 192 80.7041 B14 193
299.281 362.209 193 80.806 C95 194
299.282 362.209 195 81.9642 C59 196
299.283 362.209 195 81.9642 C59 196
299.284 362.209 197 82.1055 C138 198
299.285 362.209 197 82.1055 C138 198
299.286 362.209 197 82.1055 C138 198
299.287 362.209 197 82.1055 C138 198
299.288 362.209 197 82.1055 C138 198
299.289 362.209 197 82.1055 C138 198
299.29 362.209 197 82.1055 C138 198
299.291 362.209 197 82.1055 C138 198
299.292 362.209 197 82.1055 C138 198
299.293 362.209 199 82.4254 C31 200
299.294 362.209 199 82.4254 C31 200
299.295 362.209 199 82.4254 C31 200
299.296 362.209 199 82.4254 C31 200
299.297 361.686 199 82.4254 C31 200
299.298 361.686 199 82.4254 C31 200
299.299 361.686 199 82.4254 C31 200
299.3 361.686 199 82.4254 C31 200
299.301 361.686 199 82.4254 C31 200
299.302 361.686 200 82.4474 B57 201
299.303 361.686 200 82.4474 B57 201
299.304 361.686 199 82.4254 C31 200
299.305 361.686 199 82.4254 C31 200
299.306 361.686 199 82.4254 C31 200
299.307 361.686 199 82.4254 C31 200
299.308 361.686 199 82.4254 C31 200
299.309 361.686 199 82.4254 C31 200
299.31 361.686 200 82.4474 B57 201
299.311 361.686 200 82.4474 B57 201
299.312 361.686 200 82.4474 B57 201
299.313 361.686 200 82.4474 B57 201
299.314 361.686 200 82.4474 B57 201
299.315 361.686 200 82.4474 B57 201
299.316 361.686 200 82.4474 B57 201
299.317 361.686 200 82.4474 B57 201
299.318 361.01 199 82.4254 C31 200
299.319 359.47 198 82.2895 B23 199
299.32 359.47 197 82.1055 C138 198
299.321 359.47 197 82.1055 C138 198
299.322 359.47 197 82.1055 C138 198
299.323 359.47 197 82.1055 C138 198
299.324 359.47 196 82.0351 B198 197
299.325 359.47 197 81.2144 A44 198
299.326 359.47 197 81.2144 A44 198
299.327 359.47 197 81.2144 A44 198
299.328 359.47 197 81.2144 A44 198
299.329 359.47 197 81.2144 A44 198
299.33 359.47 197 81.2144 A44 198
299.331 359.47 196 80.867 C30 197
299.332 359.47 197 81.2144 A44 198
299.333 359.47 197 81.2144 A44 198
299.334 359.47 197 81.2144 A44 198
299.335 359.47 197 81.2144 A44 198
299.336 359.47 197 81.2144 A44 198
299.337 359.47 198 81.4755 B106 199
299.338 359.47 198 81.4755 B106 199
299.339 359.47 198 81.4755 B106 199
299.34 359.47 198 81.4755 B106 199
299.341 359.47 198 81.4755 B106 199
299.342 359.47 196 80.867 C30 197
299.343 359.47 196 80.867 C30 197
299.344 359.47 196 80.867 C30 197
299.345 359.47 197 81.2144 A44 198
299.346 359.47 197 81.2144 A44 198
299.347 357.038 196 80.867 C30 197
299.348 357.038 195 80.6901 B7 196
299.349 357.038 195 80.6901 B7 196
299.35 357.038 195 80.6901 B7 196
299.351 357.038 195 80.6901 B7 196
299.352 357.038 195 80.6901 B7 196
299.353 357.038 195 80.6901 B7 196
299.354 357.038 195 80.6901 B7 196
299.355 357.038 196 80.867 C30 197
299.356 357.038 196 80.867 C30 197
299.357 357.038 196 80.867 C30 197
299.358 357.038 196 80.867 C30 197
299.359 357.038 196 80.867 C30 197
299.36 357.038 196 80.867 C30 197
299.361 357.038 196 80.867 C30 197
299.362 357.038 196 80.867 C30 197
299.363 357.038 196 80.867 C30 197
299.364 357.038 196 80.867 C30 197
299.365 357.038 196 80.867 C30 197
299.366 357.038 196 80.867 C30 197
299.367 357.038 196 80.867 C30 197
299.368 357.038 195 80.6901 B7 196
299.369 357.038 195 80.6901 B7 196
299.37 357.038 195 80.6901 B7 196
299.371 357.038 195 80.6901 B7 196
299.372 357.038 195 80.6901 B7 196
299.373 357.038 196 80.867 C30 197
299.374 357.038 196 80.867 C30 197
299.375 357.038 196 80.867 C30 197
299.376 357.038 196 80.867 C30 197
299.377 357.038 196 80.867 C30 197
299.378 357.038 196 80.867 C30 197
299.379 357.038 195 80.6901 B7 196
299.38 357.038 195 80.6901 B7 196
299.381 357.038 196 80.867 C30 197
299.382 357.038 196 80.867 C30 197
299.383 357.038 197 81.4122 B187 198
299.384 357.038 197 81.4122 B187 198
299.385 357.038 197 81.4122 B187 198
299.386 357.038 197 81.4122 B187 198
299.387 357.038 197 81.4122 B187 198
299.388 357.038 197 81.4122 B187 198
299.389 357.038 197 81.4122 B187 198
299.39 357.038 197 81.4122 B187 198
299.391 357.038 197 81.4122 B187 198
299.392 357.038 196 81.4026 C69 197
299.393 357.038 196 81.4026 C69 197
299.394 357.038 196 81.4026 C69 197
299.395 357.038 197 81.4122 B187 198
299.396 357.038 197 81.4122 B187 198
299.397 357.038 197 81.4122 B187 198
299.398 357.038 197 81.4122 B187 198
299.399 357.038 197 81.4122 B187 198
299.4 357.038 197 81.4122 B187 198
299.401 357.038 197 81.4122 B187 198
299.402 357.038 197 81.4122 B187 198
299.403 357.038 197 81.4122 B187 198
299.404 357.038 197 81.4122 B187 198
299.405 357.038 197 81.4122 B187 198
299.406 357.038 197 81.4122 B187 198
299.407 355.598 196 81.4026 C69 197
299.408 355.598 196 81.4026 C69 197
299.409 355.598 196 81.4026 C69 197
299.41 355.598 197 81.9243 C49 198
299.411 355.598 198 82.3153 C24 199
299.412 355.598 197 81.9243 C49 198
299.413 355.598 197 81.9243 C49 198
299.414 355.598 198 82.3153 C24 199
299.415 355.598 198 82.3153 C24 199
299.416 355.598 198 82.3153 C24 199
299.417 355.598 198 82.3153 C24 199
299.418 355.598 198 82.3153 C24 199
299.419 355.598 199 82.3986 B16 200
299.42 355.598 200 82.6695 B46 201
299.421 355.598 200 82.6695 B46 201
299.422 355.598 199 82.3986 B16 200
299.423 355.598 199 82.3986 B16 200
299.424 355.598 199 82.3986 B16 200
299.425 355.598 199 82.3986 B16 200
299.426 355.598 201 82.9305 C95 202
299.427 355.598 201 82.9305 C95 202
299.428 355.598 202 82.9712 C12 203
299.429 355.598 202 82.9712 C12 203
299.43 355.598 202 82.9712 C12 203
299.431 355.598 203 83.0367 B80 204
299.432 355.598 203 83.0367 B80 204
299.433 355.598 204 83.2164 B226 205
299.434 355.598 204 83.2164 B226 205
299.435 355.598 204 83.2164 B226 205
299.436 355.598 204 83.2164 B226 205
299.437 355.598 204 83.2164 B226 205
299.438 355.598 205 83.3399 B220 206
299.439 355.598 205 83.3399 B220 206
299.44 355.598 205 83.3399 B220 206
299.441 355.598 205 83.3399 B220 206
299.442 355.598 205 83.3399 B220 206
299.443 355.598 205 83.3399 B220 206
299.444 355.598 205 83.3399 B220 206
299.445 355.598 205 83.3399 B220 206
299.446 355.598 205 83.3399 B220 206
299.447 355.598 205 83.3399 B220 206
299.448 355.598 205 83.3399 B220 206
299.449 355.598 206 83.7108 B108 207
299.45 355.598 207 84.0051 B207 208
299.451 355.598 207 84.0051 B207 208
299.452 355.598 207 84.0051 B207 208
299.453 355.598 207 84.0051 B207 208
299.454 355.598 207 84.0051 B207 208
299.455 355.598 208 84.3391 B8 209
299.456 355.598 208 84.3391 B8 209
299.457 355.598 208 84.3391 B8 209
299.458 355.598 208 84.3391 B8 209
299.459 355.598 209 84.3655 B198 210
299.46 355.598 209 84.3655 B198 210
299.461 355.598 208 84.3391 B8 209
299.462 355.598 208 84.3391 B8 209
299.463 355.598 209 84.3655 B198 210
299.464 355.598 208 84.3391 B8 209
299.465 355.598 208 84.3391 B8 209
299.466 355.598 207 84.0051 B207 208
299.467 355.598 207 84.0051 B207 208
299.468 355.598 207 84.0051 B207 208
299.469 355.598 208 84.3391 B8 209
299.47 355.598 208 84.3391 B8 209
299.471 355.598 209 84.3655 B198 210
299.472 355.598 209 84.3655 B198 210
299.473 355.598 209 84.3655 B198 210
299.474 355.598 210 84.9795 C40 211
299.475 355.598 210 84.9795 C40 211
299.476 355.598 210 84.9795 C40 211
299.477 355.598 210 84.9795 C40 211
299.478 355.598 210 84.9795 C40 211
299.479 355.598 210 84.9795 C40 211
299.48 355.598 210 84.9795 C40 211
299.481 355.598 210 84.9795 C40 211
299.482 355.598 210 84.9795 C40 211
299.483 355.598 210 84.9795 C40 211
299.484 355.598 210 84.9795 C40 211
299.485 355.598 210 84.9795 C40 211
299.486 354.872 208 84.3391 B8 209
299.487 354.872 208 84.3391 B8 209
299.488 354.872 208 84.3391 B8 209
299.489 354.872 208 84.3391 B8 209
299.49 354.872 208 84.3391 B8 209
299.491 354.872 209 84.3655 B198 210
299.492 354.872 210 84.9795 C40 211
299.493 354.872 210 84.9795 C40 211
299.494 354.872 210 84.9795 C40 211
299.495 354.872 210 84.9795 C40 211
299.496 354.872 210 84.9795 C40 211
299.497 354.872 210 84.9795 C40 211
299.498 354.872 209 84.3655 B198 210
299.499 354.872 209 84.3655 B198 210
299.5 354.872 209 84.3655 B198 210
299.501 354.872 209 84.3655 B198 210
299.502 354.872 210 84.9795 C40 211
299.503 354.872 210 84.9795 C40 211
299.504 354.872 210 84.9795 C40 211
299.505 354.872 210 84.9795 C40 211
299.506 354.872 210 84.9795 C40 211
299.507 354.872 209 84.3655 B198 210
299.508 354.872 209 84.3655 B198 210
299.509 354.872 210 84.9795 C40 211
299.51 354.872 210 84.9795 C40 211
299.511 354.872 211 85.2281 C123 212
299.512 354.872 211 85.2281 C123 212
299.513 354.872 212 85.2287 B245 213
299.514 354.872 212 85.2287 B245 213
299.515 354.872 212 85.2287 B245 213
299.516 354.872 211 85.2281 C123 212
299.517 354.872 211 85.2281 C123 212
299.518 354.872 211 85.2281 C123 212
299.519 354.872 211 85.2281 C123 212
299.52 354.872 210 84.9795 C40 211
299.521 354.872 211 85.2281 C123 212
299.522 354.872 212 85.2287 B245 213
299.523 354.872 212 85.2287 B245 213
299.524 354.872 212 85.2287 B245 213
299.525 354.872 213 85.3422 B244 214
299.526 354.872 214 85.3665 B11 215
299.527 354.872 214 85.3665 B11 215
299.528 354.872 214 85.3665 B11 215
299.529 354.872 213 85.3422 B244 214
299.53 354.872 214 85.3665 B11 215
299.531 354.872 215 85.6614 B56 216
299.532 354.872 215 85.6614 B56 216
299.533 354.872 215 85.6614 B56 216
299.534 354.872 215 85.6614 B56 216
299.535 354.872 215 85.6614 B56 216
299.536 354.872 215 85.6614 B56 216
299.537 354.872 215 85.6614 B56 216
299.538 354.872 215 85.6614 B56 216
299.539 354.872 216 86.1562 B171 217
299.54 354.872 216 86.1562 B171 217
299.541 354.872 218 86.4337 C137 219
299.542 354.872 218 86.4337 C137 219
299.543 354.527 217 86.1838 C109 218
299.544 354.527 217 86.1838 C109 218
299.545 354.527 217 86.1838 C109 218
299.546 354.527 217 86.1838 C109 218
299.547 354.527 217 86.1838 C109 218
299.548 354.527 216 86.1562 B171 217
299.549 354.527 215 85.6614 B56 216
299.55 354.527 216 86.1562 B171 217
299.551 354.527 216 86.1562 B171 217
299.552 354.527 216 86.1562 B171 217
299.553 354.527 216 86.1562 B171 217
299.554 354.527 217 86.1838 C109 218
299.555 354.527 217 86.1838 C109 218
299.556 354.527 217 86.1838 C109 218
299.557 354.527 216 86.1562 B171 217
299.558 354.527 216 86.1562 B171 217
299.559 354.527 215 85.6614 B56 216
299.56 354.527 216 86.1562 B171 217
299.561 354.527 216 86.1562 B171 217
299.562 354.527 217 86.1838 C109 218
299.563 354.527 217 86.1838 C109 218
299.564 354.527 217 86.1838 C109 218
299.565 354.527 217 86.1838 C109 218
299.566 353.46 216 86.1562 B171 217
299.567 353.46 217 86.1838 C109 218
299.568 353.46 217 86.1838 C109 218
299.569 353.46 217 86.1838 C109 218
299.57 353.46 217 86.1838 C109 218
299.571 353.46 217 86.1838 C109 218
299.572 353.46 217 86.1838 C109 218
299.573 353.46 217 86.1838 C109 218
299.574 353.46 218 86.4337 C137 219
299.575 353.46 218 86.4337 C137 219
299.576 353.46 218 86.4337 C137 219
299.577 353.46 217 86.1838 C109 218
299.578 353.46 217 86.1838 C109 218
299.579 353.46 218 86.4337 C137 219
299.58 353.46 218 86.4337 C137 219
299.581 353.46 218 86.4337 C137 219
299.582 353.46 218 86.4337 C137 219
299.583 353.46 218 86.4337 C137 219
299.584 353.46 219 86.6424 B246 220
299.585 353.46 219 86.6424 B246 220
299.586 353.46 219 86.6424 B246 220
299.587 352.19 218 86.4337 C137 219
299.588 352.19 219 86.6424 B246 220
299.589 352.19 219 86.6424 B246 220
299.59 352.19 220 86.9251 C4 221
299.591 352.19 222 87.278 B189 223
299.592 352.19 222 87.278 B189 223
299.593 352.19 222 87.278 B189 223
299.594 352.19 222 87.278 B189 223
299.595 352.19 222 87.278 B189 223
299.596 352.19 222 87.278 B189 223
299.597 352.19 223 87.8449 B6 224
299.598 352.19 223 87.8449 B6 224
299.599 352.19 223 87.8449 B6 224
299.6 352.19 222 87.278 B189 223
299.601 352.19 223 87.8449 B6 224
299.602 352.19 223 87.8449 B6 224
299.603 352.19 224 88.2348 C18 225
299.604 352.19 224 88.2348 C18 225
299.605 352.19 225 88.58 B93 226
299.606 352.19 225 88.58 B93 226
299.607 352.19 225 88.58 B93 226
299.608 352.19 226 88.6116 B227 227
299.609 352.19 225 88.58 B93 226
299.61 352.19 225 88.58 B93 226
299.611 352.19 225 88.58 B93 226
299.612 352.19 225 88.58 B93 226
299.613 352.19 225 88.58 B93 226
299.614 352.19 225 88.58 B93 226
299.615 352.19 225 88.58 B93 226
299.616 352.19 227 88.6295 B158 228
299.617 352.19 227 88.6295 B158 228
299.618 352.19 228 88.7274 B219 229
299.619 352.19 229 88.9396 B140 230
299.62 352.19 229 88.9396 B140 230
299.621 352.19 229 88.9396 B140 230
299.622 352.19 230 89.1922 C32 231
299.623 352.19 230 89.1922 C32 231
299.624 352.19 231 89.3992 B7 232
299.625 352.19 230 89.1922 C32 231
299.626 352.19 230 89.1922 C32 231
299.627 352.19 230 89.1922 C32 231
299.628 352.19 231 89.3992 B7 232
299.629 352.19 232 89.4911 C138 233
299.63 352.19 232 89.4911 C138 233
299.631 352.19 231 89.3992 B7 232
299.632 352.19 230 89.1922 C32 231
299.633 352.19 230 89.1922 C32 231
299.634 352.19 230 89.1922 C32 231
299.635 352.19 229 88.9396 B140 230
299.636 352.19 229 88.9396 B140 230
299.637 352.19 230 89.1922 C32 231
299.638 352.19 230 89.1922 C32 231
299.639 352.19 229 88.9396 B140 230
299.64 352.19 230 89.1922 C32 231
299.641 352.19 230 89.1922 C32 231
299.642 352.19 231 89.3992 B7 232
299.643 352.19 231 89.3992 B7 232
299.644 352.19 230 89.1922 C32 231
299.645 352.19 230 89.1922 C32 231
299.646 352.19 230 89.1922 C32 231
299.647 352.19 230 89.1922 C32 231
299.648 352.19 231 89.3992 B7 232
299.649 352.19 231 89.3992 B7 232
299.65 352.19 231 89.3992 B7 232
299.651 351.049 230 89.1922 C32 231
299.652 351.049 230 89.1922 C32 231
299.653 351.049 231 89.3992 B7 232
299.654 351.049 231 89.3992 B7 232
299.655 351.049 231 89.3992 B7 232
299.656 351.049 231 89.3992 B7 232
299.657 351.049 230 89.1922 C32 231
299.658 351.049 231 89.3992 B7 232
299.659 351.049 231 89.3992 B7 232
299.66 351.049 231 89.3992 B7 232
299.661 351.049 231 89.3992 B7 232
299.662 351.049 231 89.3992 B7 232
299.663 351.049 231 89.3992 B7 232
299.664 350.308 230 89.1922 C32 231
299.665 350.308 230 89.1922 C32 231
299.666 350.308 230 89.1922 C32 231
299.667 350.308 230 89.1922 C32 231
299.668 350.308 231 88.4138 B136 232
299.669 350.308 230 88.2395 B152 231
299.67 350.308 230 88.2395 B152 231
299.671 350.308 232 88.5504 B219 233
299.672 350.308 232 88.5504 B219 233
299.673 350.308 232 88.5504 B219 233
299.674 350.308 232 88.5504 B219 233
299.675 350.308 232 88.5504 B219 233
299.676 350.308 232 88.5504 B219 233
299.677 350.308 232 88.5504 B219 233
299.678 350.308 233 88.859 B205 234
299.679 349.72 231 88.4138 B136 232
299.68 349.72 231 88.4138 B136 232
299.681 349.72 231 88.4138 B136 232
299.682 349.188 230 88.2395 B152 231
299.683 349.188 230 88.2395 B152 231
299.684 349.188 230 88.2395 B152 231
299.685 349.188 230 88.2395 B152 231
299.686 349.188 230 88.2395 B152 231
299.687 349.188 230 88.2395 B152 231
299.688 349.188 230 88.2395 B152 231
299.689 349.188 230 88.2395 B152 231
299.69 349.188 230 88.2395 B152 231
299.691 349.188 230 88.2395 B152 231
299.692 349.188 230 88.2395 B152 231
299.693 349.188 230 88.2395 B152 231
299.694 349.188 229 87.9571 C81 230
299.695 349.188 229 87.9571 C81 230
299.696 349.188 229 87.9571 C81 230
299.697 349.188 229 87.9571 C81 230
299.698 349.188 229 87.9571 C81 230
299.699 349.188 230 88.2395 B152 231
299.7 349.188 230 88.2395 B152 231
299.701 349.188 230 88.2395 B152 231
299.702 349.188 230 88.2395 B152 231
299.703 349.188 230 88.2395 B152 231
299.704 349.188 230 88.2395 B152 231
299.705 349.188 231 88.4861 B170 232
299.706 349.188 231 88.4861 B170 232
299.707 349.188 233 89.0841 C25 234
299.708 349.188 233 89.0841 C25 234
299.709 349.188 233 89.0841 C25 234
299.71 349.188 233 89.0841 C25 234
299.711 349.188 233 89.0841 C25 234
299.712 349.188 233 89.0841 C25 234
299.713 349.188 234 89.0925 B220 235
299.714 349.188 234 89.0925 B220 235
299.715 349.188 235 89.4281 C84 236
299.716 349.188 235 89.4281 C84 236
299.717 349.188 235 89.4281 C84 236
299.718 349.188 235 89.4281 C84 236
299.719 349.188 237 89.8289 C72 238
299.72 349.188 237 89.8289 C72 238
299.721 349.188 237 89.8289 C72 238
299.722 349.188 237 89.8289 C72 238
299.723 349.188 237 89.8289 C72 238
299.724 349.188 237 89.8289 C72 238
299.725 349.188 237 89.8289 C72 238
299.726 349.188 238 89.8781 A36 239
299.727 349.188 238 89.8781 A36 239
299.728 349.188 238 89.8781 A36 239
299.729 349.188 239 89.905 B3 240
299.73 349.188 239 89.905 B3 240
299.731 349.188 239 89.905 B3 240
299.732 349.188 239 89.905 B3 240
299.733 349.188 240 89.9205 A28 241
299.734 349.188 238 89.8781 A36 239
299.735 349.188 238 89.8781 A36 239
299.736 349.188 238 89.8781 A36 239
299.737 349.188 239 89.905 B3 240
299.738 349.188 239 89.905 B3 240
299.739 349.188 239 89.905 B3 240
299.74 349.188 239 89.905 B3 240
299.741 349.188 239 89.905 B3 240
299.742 349.188 238 89.8781 A36 239
299.743 349.188 238 89.8781 A36 239
299.744 349.188 236 89.5768 C5 237
299.745 349.188 236 89.5768 C5 237
299.746 348.089 234 89.349 B221 235
299.747 348.089 234 89.349 B221 235
299.748 348.089 233 89.289 B80 234
299.749 348.089 233 89.289 B80 234
299.75 348.089 233 89.289 B80 234
299.751 348.089 233 89.289 B80 234
299.752 348.089 233 89.289 B80 234
299.753 348.089 233 89.289 B80 234
299.754 348.089 232 89.1926 B159 233
299.755 348.089 232 89.1926 B159 233
299.756 348.089 231 89.1741 C125 232
299.757 348.089 231 89.1741 C125 232
299.758 348.089 231 89.1741 C125 232
299.759 348.089 231 89.1741 C125 232
299.76 348.089 231 89.1741 C125 232
299.761 348.089 230 89.0128 B4 231
299.762 348.089 230 89.0128 B4 231
299.763 348.089 230 89.0128 B4 231
299.764 348.089 230 89.0128 B4 231
299.765 348.089 231 89.1741 C125 232
299.766 348.089 231 89.1741 C125 232
299.767 347.106 231 89.1741 C125 232
299.768 347.106 231 89.1741 C125 232
299.769 347.106 231 89.1741 C125 232
299.77 347.106 231 89.1741 C125 232
299.771 347.106 231 89.1741 C125 232
299.772 347.106 231 89.1741 C125 232
299.773 347.106 232 89.1926 B159 233
299.774 347.106 232 89.1926 B159 233
299.775 347.106 232 89.1926 B159 233
299.776 347.106 232 89.1926 B159 233
299.777 347.106 232 89.1926 B159 233
299.778 347.106 232 89.1926 B159 233
299.779 347.106 232 89.1926 B159 233
299.78 347.106 232 89.1926 B159 233
299.781 347.106 232 89.1926 B159 233
299.782 347.106 232 89.1926 B159 233
299.783 347.106 232 89.1926 B159 233
299.784 347.106 232 89.1926 B159 233
299.785 347.106 233 89.289 B80 234
299.786 345.962 231 89.1741 C125 232
299.787 345.962 230 89.0128 B4 231
299.788 345.962 229 88.8402 B226 230
299.789 345.962 228 88.5636 B124 229
299.79 345.962 227 88.3271 B199 228
299.791 345.962 227 88.3271 B199 228
299.792 345.962 227 88.3271 B199 228
299.793 345.962 227 88.3271 B199 228
299.794 345.962 229 88.8402 B226 230
299.795 345.962 230 89.0128 B4 231
299.796 345.962 229 88.8402 B226 230
299.797 345.962 229 88.8402 B226 230
299.798 345.962 228 88.5636 B124 229
299.799 345.962 228 88.5636 B124 229
299.8 345.962 228 88.5636 B124 229
299.801 344.815 228 88.5636 B124 229
299.802 344.815 228 88.5636 B124 229
299.803 344.815 229 88.8402 B226 230
299.804 344.815 229 88.8402 B226 230
299.805 344.815 229 88.8402 B226 230
299.806 344.815 229 88.8402 B226 230
299.807 344.815 228 88.5636 B124 229
299.808 344.815 227 88.3271 B199 228
299.809 344.815 227 88.3271 B199 228
299.81 344.815 227 88.3271 B199 228
299.811 344.36 226 88.2384 B141 227
299.812 344.36 224 87.9235 C139 225
299.813 344.36 224 87.9235 C139 225
299.814 344.36 228 88.5636 B124 229
299.815 344.36 228 88.5636 B124 229
299.816 344.36 227 88.3271 B199 228
299.817 344.36 229 88.8402 B226 230
299.818 344.36 232 89.1926 B159 233
299.819 344.36 232 89.1926 B159 233
299.82 344.36 232 89.1926 B159 233
299.821 344.36 232 89.1926 B159 233
299.822 344.36 232 89.1926 B159 233
299.823 344.36 232 89.1926 B159 233
299.824 344.36 232 89.1926 B159 233
299.825 344.36 232 89.1926 B159 233
299.826 344.36 232 89.1926 B159 233
299.827 344.36 234 89.349 B221 235
299.828 344.36 234 89.349 B221 235
299.829 344.36 233 89.289 B80 234
299.83 344.36 233 89.289 B80 234
299.831 344.36 233 89.289 B80 234
299.832 344.36 233 89.289 B80 234
299.833 344.36 234 89.349 B221 235
299.834 344.36 236 89.5768 C5 237
299.835 344.36 237 89.8289 C72 238
299.836 344.36 237 89.8289 C72 238
299.837 344.36 239 89.905 B3 240
299.838 344.36 240 89.9205 A28 241
299.839 344.36 240 89.9205 A28 241
299.84 344.36 242 90.1583 C19 243
299.841 344.36 242 90.1583 C19 243
299.842 344.36 243 90.4218 C97 244
299.843 344.36 244 90.4783 C33 245
299.844 344.36 244 90.4783 C33 245
299.845 344.079 243 90.4218 C97 244
299.846 342.536 242 90.1583 C19 243
299.847 342.536 244 90.4783 C33 245
299.848 342.536 245 90.8902 C140 246
299.849 342.536 247 91.0976 A45 248
299.85 342.536 247 91.0976 A45 248
299.851 342.536 247 91.0976 A45 248
299.852 342.536 248 91.3252 C61 249
299.853 342.536 250 91.55 B108 251
299.854 342.536 251 91.9568 B208 252
299.855 342.536 252 92.4897 C111 253
299.856 342.536 252 92.4897 C111 253
299.857 342.536 252 92.4897 C111 253
299.858 342.536 252 92.4897 C111 253
299.859 342.536 252 92.4897 C111 253
299.86 342.536 252 92.4897 C111 253
299.861 342.536 252 92.4897 C111 253
299.862 342.536 251 91.9568 B208 252
299.863 342.536 251 91.9568 B208 252
299.864 342.536 251 91.9568 B208 252
299.865 342.536 251 91.9568 B208 252
299.866 342.536 253 92.8682 C9 254
299.867 342.536 253 92.8682 C9 254
299.868 342.536 254 93.0098 C154 255
299.869 342.536 254 93.0098 C154 255
299.87 342.536 255 93.09 B227 256
299.871 342.536 256 93.271 A55 257
299.872 342.536 257 93.3505 A15 258
299.873 342.536 257 93.3505 A15 258
299.874 342.536 258 93.6813 B245 259
299.875 342.536 258 93.6813 B245 259
299.876 342.536 259 93.8835 B220 260
299.877 342.536 260 93.9096 B2 261
299.878 342.536 260 93.9096 B2 261
299.879 342.536 260 93.9096 B2 261
299.88 342.536 260 93.9096 B2 261
299.881 342.536 259 93.8835 B220 260
299.882 342.536 262 94.1323 B246 263
299.883 342.536 265 94.6047 B190 266
299.884 342.536 265 94.6047 B190 266
299.885 342.536 264 94.6038 B244 265
299.886 342.536 264 94.6038 B244 265
299.887 342.536 266 94.9574 B67 267
299.888 342.536 266 94.9574 B67 267
299.889 342.536 266 94.9574 B67 267
299.89 342.536 267 94.9912 B198 268
299.891 342.536 267 94.9912 B198 268
299.892 342.536 267 94.9912 B198 268
299.893 342.536 267 94.9912 B198 268
299.894 342.536 268 95.0948 C141 269
299.895 342.536 268 95.0948 C141 269
299.896 342.536 268 95.0948 C141 269
299.897 342.536 268 95.0948 C141 269
299.898 342.536 268 95.0948 C141 269
299.899 342.536 267 94.9912 B198 268
299.9 342.536 268 95.0948 C141 269
299.901 342.536 269 94.7283 C93 270
299.902 342.536 269 94.7283 C93 270
299.903 342.536 269 94.7283 C93 270
299.904 342.536 272 95.2388 C19 273
299.905 342.536 276 96.1797 B156 277
299.906 342.536 276 96.1797 B156 277
299.907 342.536 276 96.1797 B156 277
299.908 342.536 276 96.1797 B156 277
299.909 342.536 277 96.674 A135 278
299.91 342.536 277 96.674 A135 278
299.911 342.536 277 96.674 A135 278
299.912 342.536 277 96.674 A135 278
299.913 342.536 278 96.7705 B223 279
299.914 342.536 278 96.7705 B223 279
299.915 342.536 280 97.5123 A1 281
299.916 342.536 282 97.6322 C6 283
299.917 342.536 283 98.0514 B152 284
299.918 342.536 283 98.0514 B152 284
299.919 342.536 283 98.0514 B152 284
299.92 342.536 286 98.5441 C94 287
299.921 342.536 286 98.5441 C94 287
299.922 342.536 287 98.6423 A74 288
299.923 342.536 286 98.5441 C94 287
299.924 342.536 287 98.6423 A74 288
299.925 342.536 289 98.7946 D1 290
299.926 342.536 289 98.7946 D1 290
299.927 342.536 289 98.7946 D1 290
299.928 342.536 288 98.792 C82 289
299.929 342.536 288 98.792 C82 289
299.93 342.536 288 98.792 C82 289
299.931 342.536 288 98.792 C82 289
299.932 342.536 288 98.792 C82 289
299.933 342.536 290 99.0446 A51 291
299.934 342.536 291 99.0655 B175 292
299.935 342.536 291 99.0655 B175 292
299.936 342.536 291 99.0655 B175 292
299.937 342.536 292 99.219 C14 293
299.938 342.536 292 99.219 C14 293
299.939 342.536 293 99.4201 B200 294
299.94 342.536 293 99.4201 B200 294
299.941 342.536 294 99.7616 C53 295
299.942 342.536 294 99.7616 C53 295
299.943 342.536 295 99.4704 A63 296
299.944 342.536 296 99.4963 C61 297
299.945 342.536 295 99.4704 A63 296
299.946 342.536 297 99.7021 C10 298
299.947 342.536 297 99.7021 C10 298
299.948 342.536 298 99.889 B225 299
299.949 342.169 297 99.7021 C10 298
299.95 342.169 297 99.7021 C10 298
299.951 341.32 296 99.4963 C61 297
299.952 341.32 298 99.889 B225 299
299.953 341.32 299 100.03 C51 300
299.954 341.32 299 100.03 C51 300
299.955 341.32 299 100.03 C51 300
299.956 341.32 299 100.03 C51 300
299.957 341.32 300 100.33 C159 301
299.958 341.32 301 100.551 C74 302
299.959 341.32 302 100.776 A66 303
299.96 341.32 304 101.155 B67 305
299.961 341.32 304 101.155 B67 305
299.962 341.32 304 101.291 A1 305
299.963 340.33 303 101.275 B177 304
299.964 340.33 303 101.275 B177 304
299.965 340.33 302 100.567 C98 303
299.966 340.33 302 100.567 C98 303
299.967 340.33 302 100.567 C98 303
299.968 340.33 303 101.275 B177 304
299.969 340.33 303 101.275 B177 304
299.97 340.33 303 101.275 B177 304
299.971 340.33 303 101.275 B177 304
299.972 340.33 303 101.275 B177 304
299.973 340.33 303 101.275 B177 304
299.974 340.33 303 101.275 B177 304
299.975 340.33 303 101.275 B177 304
299.976 340.33 303 101.275 B177 304
299.977 340.33 303 101.275 B177 304
299.978 340.33 305 101.418 C141 306
299.979 340.33 305 101.418 C141 306
299.98 340.33 306 101.753 C15 307
299.981 340.33 306 101.753 C15 307
299.982 340.33 306 101.753 C15 307
299.983 340.33 308 102.042 C27 309
299.984 340.33 310 102.235 C52 311
299.985 340.33 310 102.235 C52 311
299.986 340.33 311 102.252 A19 312
299.987 340.33 311 102.252 A19 312
299.988 340.33 311 102.252 A19 312
299.989 340.33 314 102.847 B245 315
299.99 340.33 314 102.847 B245 315
299.991 340.33 315 102.891 C154 316
299.992 337.401 313 102.693 B208 314
299.993 337.401 313 102.693 B208 314
299.994 337.401 313 102.693 B208 314
299.995 337.401 314 102.847 B245 315
299.996 337.401 314 102.847 B245 315
299.997 337.401 314 102.847 B245 315
299.998 337.401 314 102.847 B245 315
299.999 337.401 315 102.891 C154 316
300 337.401 315 102.891 C154 316
300.001 337.401 316 102.899 C112 317
300.002 337.401 317 102.992 B244 318
300.003 337.401 317 102.992 B244 318
300.004 337.401 318 103.624 C155 319
300.005 337.401 318 103.624 C155 319
300.006 337.401 318 103.624 C155 319
300.007 337.401 319 103.645 A90 320
300.008 337.401 320 103.802 B227 321
300.009 337.401 320 103.802 B227 321
300.01 337.401 320 103.802 B227 321
300.011 337.401 321 103.932 B246 322
300.012 337.401 322 104.014 B219 323
300.013 337.401 323 104.038 D4 324
300.014 337.401 323 104.038 D4 324
300.015 337.401 321 103.932 B246 322
300.016 337.401 321 103.932 B246 322
300.017 337.401 322 104.014 B219 323
300.018 337.401 322 104.014 B219 323
300.019 337.401 322 104.014 B219 323
300.02 337.401 323 104.038 D4 324
300.021 337.401 324 104.317 B243 325
300.022 337.401 325 104.92 B190 326
300.023 337.401 325 104.92 B190 326
300.024 337.401 327 105.01 B197 328
300.025 337.401 327 105.01 B197 328
300.026 337.401 327 105.01 B197 328
300.027 337.401 327 105.01 B197 328
300.028 337.401 327 105.01 B197 328
300.029 337.401 327 105.01 B197 328
300.03 337.401 327 105.01 B197 328
300.031 337.401 327 105.01 B197 328
300.032 337.401 327 105.01 B197 328
300.033 337.401 329 105.261 A13 330
300.034 337.401 329 105.261 A13 330
300.035 337.401 328 105.138 C43 329
300.036 337.401 328 105.138 C43 329
300.037 337.401 331 105.457 A76 332
300.038 337.401 331 105.457 A76 332
300.039 337.401 332 105.801 C142 333
300.04 336.633 331 105.457 A76 332
300.041 336.633 332 105.801 C142 333
300.042 336.633 332 105.801 C142 333
300.043 336.633 332 105.801 C142 333
300.044 336.633 332 105.801 C142 333
300.045 336.633 333 105.948 E1 334
300.046 336.633 333 105.948 E1 334
300.047 336.633 333 105.948 E1 334
300.048 336.633 334 106.076 C127 335
300.049 336.633 335 106.35 B139 336
300.05 336.633 335 106.35 B139 336
300.051 336.633 334 106.076 C127 335
300.052 336.633 333 105.948 E1 334
300.053 336.633 333 105.948 E1 334
300.054 336.633 335 106.35 B139 336
300.055 336.633 335 106.35 B139 336
300.056 336.633 335 106.35 B139 336
300.057 336.633 336 106.522 B247 337
300.058 336.633 336 106.522 B247 337
300.059 335.975 335 106.35 B139 336
300.06 335.975 337 106.54 B122 338
300.061 335.975 337 106.54 B122 338
300.062 335.975 337 106.54 B122 338
300.063 335.975 336 106.522 B247 337
300.064 335.975 338 106.592 C157 339
300.065 335.975 339 106.835 B242 340
300.066 335.975 340 107.239 B157 341
300.067 335.975 341 107.248 A2 342
300.068 335.975 343 107.545 B228 344
300.069 335.975 344 107.812 D3 345
300.07 335.975 345 107.965 B209 346
300.071 335.975 345 107.965 B209 346
300.072 335.975 345 107.965 B209 346
300.073 335.975 346 108.433 D7 347
300.074 335.975 345 107.965 B209 346
300.075 335.975 348 108.895 A104 349
300.076 335.975 347 108.629 A42 348
300.077 335.975 349 108.934 C86 350
300.078 335.975 350 108.938 C35 351
300.079 335.975 351 108.96 C158 352
300.08 335.975 350 108.938 C35 351
300.081 335.975 351 108.96 C158 352
300.082 335.975 353 109.096 A8 354
300.083 335.975 354 109.162 B176 355
300.084 335.975 354 109.162 B176 355
300.085 335.975 354 109.162 B176 355
300.086 335.975 354 109.162 B176 355
300.087 335.975 354 109.162 B176 355
300.088 335.975 356 109.208 B106 357
300.089 335.975 358 109.328 C99 359
300.09 335.975 358 109.328 C99 359
300.091 335.975 359 109.471 C74 360
300.092 335.975 359 109.471 C74 360
300.093 335.975 359 109.471 C74 360
300.094 335.975 360 109.545 B218 361
300.095 335.975 361 110.125 B248 362
300.096 335.975 361 110.125 B248 362
300.097 335.975 362 110.349 B241 363
300.098 335.975 362 110.349 B241 363
300.099 335.975 362 110.349 B241 363
300.1 335.975 363 110.399 A63 364
300.101 335.975 363 110.399 A63 364
300.102 335.975 363 110.399 A63 364
300.103 335.975 366 110.819 A25 367
300.104 335.975 366 110.819 A25 367
300.105 335.975 367 110.933 C63 368
300.106 335.975 367 110.933 C63 368
300.107 335.975 367 110.933 C63 368
300.108 335.975 368 111.035 E3 369
300.109 335.975 368 111.035 E3 369
300.11 335.975 369 111.079 C143 370
300.111 335.975 369 111.079 C143 370
300.112 335.975 370 111.42 A120 371
300.113 335.975 371 111.56 C172 372
300.114 335.975 371 111.56 C172 372
300.115 335.975 372 111.966 C173 373
300.116 335.975 373 111.987 B229 374
300.117 335.975 375 112.188 B267 376
300.118 335.975 375 112.188 B267 376
300.119 335.975 376 112.455 C159 377
300.12 335.975 377 112.606 B268 378
300.121 335.975 378 112.629 A75 379
300.122 335.975 380 113.033 C128 381
300.123 335.975 380 113.033 C128 381
300.124 335.975 379 112.848 B266 380
300.125 335.975 380 112.614 A153 381
300.126 335.975 382 112.943 B155 383
300.127 335.975 383 112.989 C125 384
300.128 335.975 383 112.989 C125 384
300.129 335.975 383 112.989 C125 384
300.13 335.975 383 112.989 C125 384
300.131 335.975 384 113.156 A152 385
300.132 335.975 385 113.309 E9 386
300.133 335.462 384 113.156 A152 385
300.134 335.462 384 113.156 A152 385
300.135 335.462 383 112.989 C125 384
300.136 335.462 386 113.411 B217 387
300.137 335.462 386 113.411 B217 387
300.138 335.462 386 113.411 B217 387
300.139 335.462 387 113.569 D9 388
300.14 335.462 387 113.569 D9 388
300.141 335.462 389 113.742 B195 390
300.142 335.462 390 114.017 B244 391
300.143 335.462 389 114.015 C65 390
300.144 335.462 391 114.03 C180 392
300.145 335.462 392 114.761 D13 393
300.146 335.462 391 114.03 C180 392
300.147 335.462 393 114.816 B79 394
300.148 335.462 393 114.816 B79 394
300.149 334.692 392 114.761 D13 393
300.15 334.692 394 114.681 B138 395
300.151 334.692 395 114.837 A136 396
300.152 334.692 395 114.837 A136 396
300.153 334.692 395 114.837 A136 396
300.154 334.692 396 114.865 B196 397
300.155 334.692 397 115.556 B229 398
300.156 334.692 399 115.622 B122 400
300.157 334.692 400 115.709 B197 401
300.158 334.692 401 115.715 C145 402
300.159 334.692 401 115.715 C145 402
300.16 334.692 403 115.982 B139 404
300.161 334.692 403 115.982 B139 404
300.162 334.692 404 115.99 A7 405
300.163 334.692 406 117.019 C45 407
300.164 334.692 406 117.019 C45 407
300.165 334.692 406 117.019 C45 407
300.166 333.096 407 117.066 B242 408
300.167 333.096 407 117.066 B242 408
300.168 333.096 408 117.312 B157 409
300.169 333.096 411 117.71 B106 412
300.17 333.096 411 117.71 B106 412
300.171 333.096 412 117.936 A32 413
300.172 333.096 412 117.936 A32 413
300.173 333.096 411 117.71 B106 412
300.174 332.654 411 117.71 B106 412
300.175 332.654 413 117.936 A41 414
300.176 332.654 413 117.936 A41 414
300.177 332.654 412 117.936 A32 413
300.178 332.654 413 117.936 A41 414
300.179 332.654 414 117.946 E4 415
300.18 332.654 415 118.002 C178 416
300.181 332.654 415 118.002 C178 416
300.182 332.654 416 118.06 C88 417
300.183 332.654 417 118.069 C115 418
300.184 332.654 418 118.354 B249 419
300.185 332.654 417 118.069 C115 418
300.186 332.654 417 118.069 C115 418
300.187 332.654 418 118.354 B249 419
300.188 332.654 418 118.354 B249 419
300.189 332.654 420 118.629 D18 421
300.19 332.654 421 118.719 A51 422
300.191 332.654 420 118.629 D18 421
300.192 332.654 420 118.629 D18 421
300.193 332.654 421 118.719 A51 422
300.194 332.654 421 118.719 A51 422
300.195 332.654 421 118.719 A51 422
300.196 332.654 421 118.719 A51 422
300.197 332.654 421 118.719 A51 422
300.198 331.166 421 118.719 A51 422
300.199 331.166 421 118.719 A51 422
300.2 331.166 423 119.212 A120 424
300.201 331.166 423 119.212 A120 424
300.202 331.166 424 119.328 C130 425
300.203 331.166 425 119.33 C76 426
300.204 331.166 425 119.33 C76 426
300.205 331.166 426 119.338 A103 427
300.206 331.166 426 119.338 A103 427
300.207 331.166 426 119.338 A103 427
300.208 331.166 427 119.414 D10 428
300.209 331.166 427 119.414 D10 428
300.21 331.166 427 119.414 D10 428
300.211 331.166 427 119.414 D10 428
300.212 331.166 429 119.686 A88 430
300.213 331.166 430 119.79 E9 431
300.214 331.166 430 119.79 E9 431
300.215 331.166 431 119.811 B230 432
300.216 331.166 432 120.247 C193 433
300.217 331.166 431 119.811 B230 432
300.218 331.166 431 119.811 B230 432
300.219 330.6 430 119.79 E9 431
300.22 330.6 431 119.811 B230 432
300.221 330.6 431 119.811 B230 432
300.222 330.6 434 120.294 C192 435
300.223 330.6 434 120.294 C192 435
300.224 330.6 434 120.294 C192 435
300.225 330.6 434 120.294 C192 435
300.226 330.6 435 120.356 A62 436
300.227 330.6 436 120.558 C162 437
300.228 330.6 437 120.855 B241 438
300.229 330.6 440 121.031 A17 441
300.23 330.6 442 121.125 C191 443
300.231 330.6 442 121.125 C191 443
300.232 330.6 441 121.116 B267 442
300.233 330.6 441 121.116 B267 442
300.234 330.6 441 121.116 B267 442
300.235 330.6 440 121.031 A17 441
300.236 330.6 439 120.99 C194 440
300.237 330.6 441 121.116 B267 442
300.238 330.6 441 121.116 B267 442
300.239 330.6 441 121.116 B267 442
300.24 330.6 442 121.125 C191 443
300.241 330.6 443 121.148 D29 444
300.242 330.6 445 121.43 C65 446
300.243 330.6 445 121.43 C65 446
300.244 330.6 446 121.581 B269 447
300.245 330.6 450 122.347 B266 451
300.246 330.6 452 122.674 B196 453
300.247 330.6 454 122.879 C146 455
300.248 330.6 454 122.879 C146 455
300.249 330.132 453 122.785 A74 454
300.25 330.132 456 123.238 E8 457
300.251 330.132 458 123.658 B270 459
300.252 330.132 458 123.658 B270 459
300.253 329.894 458 123.658 B270 459
300.254 329.894 460 124.148 D30 461
300.255 329.894 463 124.55 B265 464
300.256 329.894 463 124.55 B265 464
300.257 329.894 463 124.55 B265 464
300.258 329.894 463 124.55 B265 464
300.259 329.894 464 124.586 E15 465
300.26 329.894 467 124.808 D19 468
300.261 329.894 468 124.968 A118 469
300.262 329.894 469 125.189 B271 470
300.263 329.894 467 124.808 D19 468
300.264 328.72 468 124.968 A118 469
300.265 328.72 468 124.968 A118 469
300.266 328.72 466 124.755 B251 467
300.267 328.72 467 124.808 D19 468
300.268 328.72 470 125.231 B138 471
300.269 328.72 470 125.231 B138 471
300.27 328.72 471 125.343 B121 472
300.271 328.72 473 125.672 C197 474
300.272 328.72 475 126.008 B156 476
300.273 328.72 474 125.824 A87 475
300.274 328.72 475 126.008 B156 476
300.275 328.72 475 126.008 B156 476
300.276 328.72 476 126.122 C180 477
300.277 328.72 477 126.353 A136 478
300.278 328.72 475 126.008 B156 476
300.279 328.72 475 126.008 B156 476
300.28 328.72 475 126.008 B156 476
300.281 328.72 476 126.122 C180 477
300.282 328.72 476 126.122 C180 477
300.283 328.72 478 126.364 E14 479
300.284 327.461 476 126.122 C180 477
300.285 327.461 477 126.353 A136 478
300.286 327.461 478 125.906 A59 479
300.287 327.461 476 125.861 B190 477
300.288 327.461 477 125.879 B174 478
300.289 327.461 478 125.906 A59 479
300.29 327.461 478 125.906 A59 479
300.291 327.461 477 125.879 B174 478
300.292 327.461 478 125.906 A59 479
300.293 327.461 482 126.608 C199 483
300.294 327.461 484 126.941 C90 485
300.295 327.461 484 126.941 C90 485
300.296 327.461 485 126.724 B248 486
300.297 327.461 487 127.145 A30 488
300.298 327.461 492 127.445 C116 493
300.299 327.461 493 127.723 A100 494
300.3 327.461 493 127.723 A100 494
300.301 327.461 494 127.898 D39 495
300.302 327.461 495 128.063 E18 496
300.303 327.461 494 127.898 D39 495
300.304 327.461 497 128.779 E28 498
300.305 327.461 498 128.889 B175 499
300.306 327.461 500 128.925 A22 501
300.307 327.461 501 128.954 C66 502
300.308 327.461 502 128.993 C131 503
300.309 327.461 502 128.993 C131 503
300.31 327.461 502 128.993 C131 503
300.311 327.461 501 128.954 C66 502
300.312 327.461 500 128.925 A22 501
300.313 327.461 500 128.925 A22 501
300.314 327.461 502 128.993 C131 503
300.315 327.461 502 128.993 C131 503
300.316 327.02 502 128.993 C131 503
300.317 327.02 503 129.035 A133 504
300.318 327.02 504 129.057 B249 505
300.319 327.02 504 129.057 B249 505
300.32 327.02 505 129.551 D21 506
300.321 327.02 505 129.551 D21 506
300.322 327.02 507 130.031 B267 508
300.323 327.02 509 130.302 B217 510
300.324 327.02 510 130.312 D33 511
300.325 327.02 511 130.337 B268 512
300.326 327.02 510 130.312 D33 511
300.327 327.02 511 130.337 B268 512
300.328 327.02 513 130.608 C192 514
300.329 327.02 513 130.608 C192 514
300.33 326.907 512 130.566 C194 513
300.331 326.907 514 130.62 B266 515
300.332 326.907 515 130.642 B230 516
300.333 326.907 516 130.831 B240 517
300.334 326.907 518 131.111 A85 519
300.335 324.408 518 131.111 A85 519
300.336 324.408 518 131.111 A85 519
300.337 324.408 520 131.246 D46 521
300.338 324.408 522 131.529 B269 523
300.339 324.408 523 131.62 C195 524
300.34 324.408 523 131.62 C195 524
300.341 324.408 524 131.691 C191 525
300.342 324.408 525 131.738 B137 526
300.343 322.739 527 131.984 A115 528
300.344 322.739 527 131.984 A115 528
300.345 322.739 528 132.038 B250 529
300.346 322.739 530 132.108 B265 531
300.347 322.739 532 132.254 B195 533
300.348 322.739 535 132.53 D47 536
300.349 322.739 535 132.53 D47 536
300.35 322.739 535 132.53 D47 536
300.351 322.739 536 132.781 C147 537
300.352 322.739 537 132.882 A153 538
300.353 322.739 538 132.939 B155 539
300.354 322.739 539 133.292 A152 540
300.355 322.739 540 133.535 C197 541
300.356 322.739 541 133.9 E25 542
300.357 322.739 543 133.979 A99 544
300.358 322.739 545 134.543 A151 546
300.359 322.739 544 134.421 B264 545
300.36 322.739 548 135.328 D41 549
300.361 322.739 548 135.328 D41 549
300.362 322.739 549 135.395 B231 550
300.363 322.739 551 135.588 B239 552
300.364 322.739 551 135.588 B239 552
300.365 322.739 552 135.613 B251 553
300.366 322.739 553 135.628 A48 554
300.367 322.739 554 135.683 C117 555
300.368 322.739 558 135.901 C90 559
300.369 322.739 563 136.602 A150 564
300.37 322.739 565 136.68 C181 566
300.371 322.739 566 136.711 A131 567
300.372 322.739 565 136.68 C181 566
300.373 322.739 565 136.68 C181 566
300.374 322.739 565 136.68 C181 566
300.375 322.739 568 136.895 A71 569
300.376 322.739 569 136.905 E16 570
300.377 322.739 573 137.314 E24 574
300.378 322.739 573 137.314 E24 574
300.379 322.739 576 137.523 B263 577
300.38 322.739 576 137.523 B263 577
300.381 322.739 577 137.694 B194 578
300.382 322.739 578 138.057 E34 579
300.383 322.739 578 138.057 E34 579
300.384 322.739 580 138.522 A84 581
300.385 322.739 580 138.522 A84 581
300.386 322.739 582 138.808 C213 583
300.387 322.739 582 138.808 C213 583
300.388 322.739 583 138.893 C214 584
300.389 322.739 586 139.324 A129 587
300.39 322.739 587 139.46 D36 588
300.391 322.739 588 139.774 B154 589
300.392 322.739 591 139.556 D70 592
300.393 322.739 592 139.845 C218 593
300.394 322.739 595 140.102 B266 596
300.395 322.739 597 140.279 D52 598
300.396 322.739 598 140.36 C183 599
300.397 322.739 599 140.757 A84 600
300.398 322.739 599 140.757 A84 600
300.399 322.739 601 140.982 C201 602
300.4 322.739 601 140.982 C201 602
300.401 322.739 604 141.233 E43 605
300.402 322.739 606 141.418 C219 607
300.403 322.739 608 141.466 B137 609
300.404 322.739 609 141.8 C166 610
300.405 322.739 610 141.858 A114 611
300.406 322.739 610 141.858 A114 611
300.407 322.739 612 142.013 B265 613
300.408 322.739 615 142.214 A153 616
300.409 322.739 618 142.483 A131 619
300.41 322.739 621 142.77 D44 622
300.411 322.739 623 142.933 B195 624
300.412 322.739 625 143.02 C105 626
300.413 322.739 629 143.462 E41 630
300.414 322.739 630 143.709 A37 631
300.415 322.739 630 143.709 A37 631
300.416 322.739 631 143.717 A47 632
300.417 322.739 635 144.071 D80 636
300.418 322.739 639 144.655 B264 640
300.419 322.739 639 144.655 B264 640
300.42 322.739 641 144.802 D81 642
300.421 322.739 644 145.597 D72 645
300.422 322.739 645 145.651 A70 646
300.423 322.739 647 145.772 E40 648
300.424 322.739 648 146.103 D53 649
300.425 322.739 653 146.501 A149 654
300.426 322.739 655 146.911 C236 656
300.427 322.739 657 147.157 C237 658
300.428 322.739 660 147.303 A113 661
300.429 322.739 661 147.396 E29 662
300.43 322.739 665 148 B291 666
300.431 322.739 666 148.001 B263 667
300.432 322.739 666 148.001 B263 667
300.433 322.739 668 148.136 C234 669
300.434 322.739 669 148.259 B194 670
300.435 322.739 672 148.643 B290 673
300.436 322.739 676 149.023 B274 677
300.437 322.739 680 149.459 E52 681
300.438 322.739 682 149.607 D73 683
300.439 322.739 684 149.656 B294 685
300.44 322.739 687 149.916 D63 688
300.441 322.739 687 149.916 D63 688
300.442 322.739 690 150.224 A171 691
300.443 322.739 695 151.114 C135 696
300.444 322.739 700 150.854 A111 701
300.445 322.739 704 150.97 C120 705
300.446 322.739 704 150.97 C120 705
300.447 322.739 708 151.288 C167 709
300.448 322.739 709 151.377 B264 710
300.449 322.739 711 151.604 C135 712
300.45 322.739 714 152.061 A166 715
300.451 321.707 716 152.245 D86 717
300.452 321.707 718 152.445 D97 719
300.453 321.707 726 154.075 B263 727
300.454 321.707 734 154.724 D98 735
300.455 321.707 741 155.764 C185 742
300.456 321.707 747 156.552 C236 748
300.457 321.707 753 156.977 C238 754
300.458 321.707 756 157.125 C235 757
300.459 321.707 762 157.39 B262 763
300.46 321.707 770 157.846 D107 771
300.461 321.707 781 159.105 D106 782
300.462 321.707 797 160.703 E57 798
300.463 321.707 809 161.756 C152 810
300.464 321.707 807 161.528 C223 808
300.465 321.707 807 161.528 C223 808
300.466 321.707 806 161.455 A94 807
300.467 321.707 806 161.455 A94 807
300.468 321.707 806 161.455 A94 807
300.469 321.707 805 161.451 C242 806
300.47 321.707 805 161.451 C242 806
300.471 321.707 804 161.451 B287 805
300.472 321.707 804 161.451 B287 805
300.473 321.707 804 161.451 B287 805
300.474 321.707 804 161.451 B287 805
300.475 321.707 804 161.451 B287 805
300.476 321.707 804 161.451 B287 805
300.477 321.036 803 161.209 D100 804
300.478 321.036 803 161.209 D100 804
300.479 321.036 803 161.209 D100 804
300.48 320.604 802 161.025 A163 803
300.481 320.604 802 161.025 A163 803
300.482 320.604 802 161.025 A163 803
300.483 320.604 802 161.025 A163 803
300.484 320.604 802 161.025 A163 803
300.485 320.604 802 161.025 A163 803
300.486 320.604 802 161.025 A163 803
300.487 320.604 801 160.923 D112 802
300.488 320.604 801 160.923 D112 802
300.489 320.604 800 160.921 B295 801
300.49 320.604 800 160.921 B295 801
300.491 320.604 800 160.921 B295 801
300.492 320.604 801 160.923 D112 802
300.493 320.604 800 160.921 B295 801
300.494 320.604 800 160.921 B295 801
300.495 320.604 800 160.921 B295 801
300.496 320.604 800 160.921 B295 801
300.497 320.604 800 160.921 B295 801
300.498 320.604 799 160.898 B192 800
300.499 320.604 799 160.898 B192 800
300.5 320.604 799 160.898 B192 800
300.501 320.604 799 160.898 B192 800
300.502 320.604 798 160.715 C204 799
300.503 320.604 798 160.715 C204 799
300.504 320.604 798 160.715 C204 799
300.505 320.604 798 160.715 C204 799
300.506 320.604 798 160.715 C204 799
300.507 320.604 798 160.715 C204 799
300.508 320.604 798 160.715 C204 799
300.509 320.604 797 160.703 E57 798
300.51 320.604 797 160.703 E57 798
300.511 320.604 796 160.695 D88 797
300.512 320.604 796 160.695 D88 797
300.513 317.185 795 160.053 A80 796
300.514 317.185 795 160.053 A80 796
300.515 317.185 795 160.053 A80 796
300.516 317.185 795 160.053 A80 796
300.517 317.185 795 160.053 A80 796
300.518 317.185 795 160.053 A80 796
300.519 317.185 795 160.053 A80 796
300.52 317.185 795 160.053 A80 796
300.521 317.185 795 160.053 A80 796
300.522 317.185 795 160.053 A80 796
300.523 317.185 795 160.053 A80 796
300.524 317.185 795 160.053 A80 796
300.525 317.185 795 160.053 A80 796
300.526 317.185 795 160.053 A80 796
300.527 317.185 795 160.053 A80 796
300.528 317.185 795 160.053 A80 796
300.529 317.185 795 160.053 A80 796
300.53 317.185 795 160.053 A80 796
300.531 317.185 794 160.04 A185 795
300.532 317.185 794 160.04 A185 795
300.533 317.185 793 159.807 A126 794
300.534 317.185 793 159.807 A126 794
300.535 317.185 793 159.807 A126 794
300.536 317.185 793 159.807 A126 794
300.537 317.185 793 159.807 A126 794
300.538 317.185 793 159.807 A126 794
300.539 317.185 793 159.807 A126 794
300.54 317.185 793 159.807 A126 794
300.541 317.185 793 159.807 A126 794
300.542 317.185 792 159.806 C233 793
300.543 317.185 792 159.806 C233 793
300.544 317.185 792 159.806 C233 793
300.545 317.185 792 159.806 C233 793
300.546 317.185 792 159.806 C233 793
300.547 317.185 792 159.806 C233 793
300.548 317.185 792 159.806 C233 793
300.549 317.185 792 159.806 C233 793
300.55 317.185 791 159.694 E71 792
300.551 317.185 791 159.694 E71 792
300.552 317.035 789 159.56 B237 790
300.553 317.035 789 159.56 B237 790
300.554 317.035 788 159.453 B294 789
300.555 317.035 788 159.453 B294 789
300.556 317.035 788 159.453 B294 789
300.557 317.035 788 159.453 B294 789
300.558 317.035 788 159.453 B294 789
300.559 317.035 788 159.453 B294 789
300.56 317.035 788 159.453 B294 789
300.561 317.035 788 159.453 B294 789
300.562 317.035 788 159.453 B294 789
300.563 317.035 786 159.354 C136 787
300.564 317.035 786 159.354 C136 787
300.565 317.035 786 159.354 C136 787
300.566 317.035 785 159.325 B214 786
300.567 317.035 785 159.325 B214 786
300.568 317.035 784 159.277 B288 785
300.569 317.035 784 159.277 B288 785
300.57 317.035 784 159.277 B288 785
300.571 317.035 784 159.277 B288 785
300.572 317.035 783 159.164 A67 784
300.573 316.533 782 159.131 C241 783
300.574 316.533 782 159.131 C241 783
300.575 316.533 782 159.131 C241 783
300.576 316.533 782 159.131 C241 783
300.577 316.533 782 159.131 C241 783
300.578 316.533 782 159.131 C241 783
300.579 316.533 782 159.131 C241 783
300.58 316.533 782 159.131 C241 783
300.581 316.533 782 159.131 C241 783
300.582 316.456 780 159.074 D111 781
300.583 316.132 778 158.784 D66 779
300.584 316.132 778 158.784 D66 779
300.585 316.132 778 158.784 D66 779
300.586 316.132 778 158.784 D66 779
300.587 316.132 778 158.784 D66 779
300.588 316.132 778 158.784 D66 779
300.589 316.132 778 158.784 D66 779
300.59 316.132 778 158.784 D66 779
300.591 316.132 778 158.784 D66 779
300.592 316.132 778 158.784 D66 779
300.593 316.132 777 158.522 A188 778
300.594 316.132 777 158.522 A188 778
300.595 316.132 777 158.522 A188 778
300.596 316.132 777 158.522 A188 778
300.597 316.132 776 158.492 B293 777
300.598 316.132 776 158.492 B293 777
300.599 316.132 776 158.492 B293 777
300.6 316.132 776 158.492 B293 777
300.601 316.132 776 158.492 B293 777
300.602 316.132 776 158.492 B293 777
300.603 316.132 775 158.324 A187 776
300.604 316.132 775 158.324 A187 776
300.605 314.9 774 158.238 C234 775
300.606 314.9 774 158.238 C234 775
300.607 314.9 774 158.238 C234 775
300.608 314.9 774 158.238 C234 775
300.609 314.9 774 158.238 C234 775
300.61 314.693 773 158.212 B172 774
300.611 314.693 773 158.212 B172 774
300.612 314.693 773 158.212 B172 774
300.613 314.693 773 158.212 B172 774
300.614 314.693 773 158.212 B172 774
300.615 314.693 773 158.212 B172 774
300.616 314.693 773 158.212 B172 774
300.617 314.693 772 157.891 A189 773
300.618 314.693 772 157.891 A189 773
300.619 314.693 772 157.891 A189 773
300.62 314.693 772 157.891 A189 773
300.621 314.693 772 157.891 A189 773
300.622 314.693 772 157.891 A189 773
300.623 314.693 772 157.891 A189 773
300.624 314.208 771 157.878 C168 772
300.625 314.208 771 157.878 C168 772
300.626 314.208 771 157.878 C168 772
300.627 314.208 771 157.878 C168 772
300.628 314.202 770 157.846 D107 771
300.629 314.202 770 157.846 D107 771
300.63 314.202 770 157.846 D107 771
300.631 314.202 770 157.846 D107 771
300.632 314.202 770 157.846 D107 771
300.633 314.202 769 157.826 D110 770
300.634 314.202 769 157.826 D110 770
300.635 314.202 768 157.788 A190 769
300.636 314.202 766 157.669 D99 767
300.637 314.202 766 157.669 D99 767
300.638 314.202 766 157.669 D99 767
300.639 314.202 766 157.669 D99 767
300.64 314.202 765 157.664 B253 766
300.641 314.202 765 157.664 B253 766
300.642 314.202 764 157.494 C222 765
300.643 314.202 764 157.494 C222 765
300.644 314.202 764 157.494 C222 765
300.645 314.202 764 157.494 C222 765
300.646 314.202 763 157.461 C240 764
300.647 314.202 763 157.461 C240 764
300.648 312.027 762 157.39 B262 763
300.649 312.027 762 157.39 B262 763
300.65 312.027 760 157.308 A164 761
300.651 311.379 759 157.272 B292 760
300.652 311.379 759 157.272 B292 760
300.653 311.379 758 157.205 D108 759
300.654 311.379 758 157.205 D108 759
300.655 311.379 758 157.205 D108 759
300.656 311.379 758 157.205 D108 759
300.657 311.379 758 157.205 D108 759
300.658 311.379 758 157.205 D108 759
300.659 311.379 758 157.205 D108 759
300.66 311.379 758 157.205 D108 759
300.661 311.379 758 157.205 D108 759
300.662 311.379 755 157.018 E78 756
300.663 311.379 754 157.003 E58 755
300.664 309.757 753 156.977 C238 754
300.665 309.757 753 156.977 C238 754
300.666 309.757 752 156.925 A110 753
300.667 309.757 752 156.925 A110 753
300.668 309.757 751 156.897 B290 752
300.669 309.757 751 156.897 B290 752
300.67 309.757 750 156.889 C239 751
300.671 309.757 750 156.889 C239 751
300.672 309.757 750 156.889 C239 751
300.673 309.757 750 156.889 C239 751
300.674 309.757 749 156.737 B291 750
300.675 309.757 748 156.609 D76 749
300.676 309.757 748 156.609 D76 749
300.677 309.757 748 156.609 D76 749
300.678 309.757 748 156.609 D76 749
300.679 309.757 748 156.609 D76 749
300.68 309.757 748 156.609 D76 749
300.681 309.757 748 156.609 D76 749
300.682 309.757 748 156.609 D76 749
300.683 309.757 747 156.552 C236 748
300.684 309.757 747 156.552 C236 748
300.685 309.757 747 156.552 C236 748
300.686 309.757 747 156.552 C236 748
300.687 309.757 745 156.475 B273 746
300.688 309.757 745 156.475 B273 746
300.689 309.757 744 156.317 D87 745
300.69 309.757 744 156.317 D87 745
300.691 309.757 744 156.317 D87 745
300.692 309.757 744 156.317 D87 745
300.693 309.757 744 156.317 D87 745
300.694 309.757 744 156.317 D87 745
300.695 309.757 744 156.317 D87 745
300.696 309.757 743 156.146 E46 744
300.697 309.757 743 156.146 E46 744
300.698 309.757 743 156.146 E46 744
300.699 309.757 743 156.146 E46 744
300.7 309.757 743 156.146 E46 744
300.701 309.757 742 155.892 B238 743
300.702 309.757 742 155.892 B238 743
300.703 309.757 742 155.892 B238 743
300.704 309.757 742 155.892 B238 743
300.705 309.757 742 155.892 B238 743
300.706 309.757 741 155.764 C185 742
300.707 309.757 741 155.764 C185 742
300.708 309.757 741 155.764 C185 742
300.709 309.757 741 155.764 C185 742
300.71 309.757 741 155.764 C185 742
300.711 309.757 741 155.764 C185 742
300.712 309.757 741 155.764 C185 742
300.713 309.757 741 155.764 C185 742
300.714 309.757 741 155.764 C185 742
300.715 309.757 741 155.764 C185 742
300.716 309.757 740 155.692 E73 741
300.717 309.757 740 155.692 E73 741
300.718 309.757 740 155.692 E73 741
300.719 309.757 738 155.523 B193 739
300.72 309.757 738 155.523 B193 739
300.721 309.757 738 155.523 B193 739
300.722 309.757 738 155.523 B193 739
300.723 309.757 737 155.493 E77 738
300.724 309.757 737 155.493 E77 738
300.725 309.757 737 155.493 E77 738
300.726 308.173 736 154.971 A145 737
300.727 308.173 736 154.971 A145 737
300.728 308.173 736 154.971 A145 737
300.729 308.173 736 154.971 A145 737
300.73 308.173 736 154.971 A145 737
300.731 308.173 736 154.971 A145 737
300.732 308.173 736 154.971 A145 737
300.733 308.173 736 154.971 A145 737
300.734 308.173 736 154.971 A145 737
300.735 308.173 736 154.971 A145 737
300.736 308.173 736 154.971 A145 737
300.737 308.173 736 154.971 A145 737
300.738 308.173 736 154.971 A145 737
300.739 308.173 736 154.971 A145 737
300.74 308.173 736 154.971 A145 737
300.741 306.405 735 154.785 B215 736
300.742 306.405 735 154.785 B215 736
300.743 306.405 735 154.785 B215 736
300.744 306.405 735 154.785 B215 736
300.745 306.405 735 154.785 B215 736
300.746 306.405 735 154.785 B215 736
300.747 306.405 735 154.785 B215 736
300.748 306.405 734 154.724 D98 735
300.749 306.405 734 154.724 D98 735
300.75 306.405 734 154.724 D98 735
300.751 306.405 734 154.724 D98 735
300.752 306.405 734 154.724 D98 735
300.753 306.405 734 154.724 D98 735
300.754 306.405 733 154.699 E74 734
300.755 306.405 733 154.699 E74 734
300.756 306.405 733 154.699 E74 734
300.757 306.405 731 154.57 A95 732
300.758 306.405 730 154.451 C151 731
300.759 306.405 730 154.451 C151 731
300.76 306.405 730 154.451 C151 731
300.761 306.405 730 154.451 C151 731
300.762 306.405 730 154.451 C151 731
300.763 306.363 729 154.409 E75 730
300.764 306.363 729 154.409 E75 730
300.765 306.363 728 154.383 A165 729
300.766 306.363 728 154.383 A165 729
300.767 306.363 728 154.383 A165 729
300.768 306.363 728 154.383 A165 729
300.769 304.065 727 154.238 A127 728
300.77 303.688 726 154.075 B263 727
300.771 303.688 726 154.075 B263 727
300.772 303.688 726 154.075 B263 727
300.773 303.688 726 154.075 B263 727
300.774 303.688 726 154.075 B263 727
300.775 303.688 726 154.075 B263 727
300.776 303.688 725 154.064 B272 726
300.777 303.688 725 154.064 B272 726
300.778 303.688 725 154.064 B272 726
300.779 303.688 725 154.064 B272 726
300.78 303.688 724 154.052 C221 725
300.781 303.688 724 154.052 C221 725
300.782 303.688 724 154.052 C221 725
300.783 303.688 724 154.052 C221 725
300.784 302.651 723 153.857 B252 724
300.785 302.651 723 153.857 B252 724
300.786 302.651 723 153.857 B252 724
300.787 302.651 723 153.857 B252 724
300.788 302.651 721 153.079 C211 722
300.789 302.651 721 153.079 C211 722
300.79 302.651 721 153.079 C211 722
300.791 302.651 721 153.079 C211 722
300.792 302.651 721 153.079 C211 722
300.793 302.651 721 153.079 C211 722
300.794 302.651 721 153.079 C211 722
300.795 302.651 721 153.079 C211 722
300.796 302.651 721 153.079 C211 722
300.797 302.651 721 153.079 C211 722
300.798 302.651 721 153.079 C211 722
300.799 302.651 721 153.079 C211 722
300.8 302.651 721 153.079 C211 722
300.801 302.651 721 153.079 C211 722
300.802 302.651 721 153.079 C211 722
300.803 302.651 721 153.079 C211 722
300.804 302.651 721 153.079 C211 722
300.805 302.651 721 153.079 C211 722
300.806 302.651 721 153.079 C211 722
300.807 302.651 721 153.079 C211 722
300.808 302.651 721 153.079 C211 722
300.809 302.651 721 153.079 C211 722
300.81 302.651 721 153.079 C211 722
300.811 302.651 721 153.079 C211 722
300.812 302.651 721 153.079 C211 722
300.813 302.651 721 153.079 C211 722
300.814 302.651 721 153.079 C211 722
300.815 302.651 721 153.079 C211 722
300.816 302.651 721 153.079 C211 722
300.817 302.651 720 153.001 D65 721
300.818 302.651 720 153.001 D65 721
300.819 302.651 720 153.001 D65 721
300.82 302.651 719 152.717 A81 720
300.821 302.651 719 152.717 A81 720
300.822 302.651 719 152.717 A81 720
300.823 302.651 719 152.717 A81 720
300.824 302.651 719 152.717 A81 720
300.825 302.651 719 152.717 A81 720
300.826 302.651 718 152.445 D97 719
300.827 302.651 718 152.445 D97 719
300.828 302.651 718 152.445 D97 719
300.829 302.651 718 152.445 D97 719
300.83 302.651 718 152.445 D97 719
300.831 302.651 718 152.445 D97 719
300.832 302.651 718 152.445 D97 719
300.833 302.651 718 152.445 D97 719
300.834 302.651 718 152.445 D97 719
300.835 302.651 718 152.445 D97 719
300.836 302.651 718 152.445 D97 719
300.837 302.651 718 152.445 D97 719
300.838 302.651 717 152.345 B173 718
300.839 302.651 717 152.345 B173 718
300.84 302.651 717 152.345 B173 718
300.841 302.651 717 152.345 B173 718
300.842 302.651 716 152.245 D86 717
300.843 302.651 716 152.245 D86 717
300.844 302.651 716 152.245 D86 717
300.845 302.651 716 152.245 D86 717
300.846 302.651 716 152.245 D86 717
300.847 302.651 716 152.245 D86 717
300.848 301.588 714 152.061 A166 715
300.849 301.588 713 151.931 E47 714
300.85 301.588 713 151.931 E47 714
300.851 301.588 713 151.931 E47 714
300.852 301.588 713 151.931 E47 714
300.853 301.588 713 151.931 E47 714
300.854 301.588 713 151.931 E47 714
300.855 301.588 713 151.931 E47 714
300.856 301.588 713 151.931 E47 714
300.857 301.588 712 151.772 D75 713
300.858 301.588 712 151.772 D75 713
300.859 301.588 712 151.772 D75 713
300.86 301.588 712 151.772 D75 713
300.861 301.588 712 151.772 D75 713
300.862 301.588 712 151.772 D75 713
300.863 301.588 712 151.772 D75 713
300.864 301.588 711 151.604 C135 712
300.865 301.588 711 151.604 C135 712
300.866 301.588 711 151.604 C135 712
300.867 301.588 711 151.604 C135 712
300.868 301.588 711 151.604 C135 712
300.869 301.588 711 151.604 C135 712
300.87 301.588 711 151.604 C135 712
300.871 301.588 711 151.604 C135 712
300.872 301.588 709 151.377 B264 710
300.873 301.588 708 151.288 C167 709
300.874 301.588 708 151.288 C167 709
300.875 301.588 708 151.288 C167 709
300.876 301.588 708 151.288 C167 709
300.877 301.588 708 151.288 C167 709
300.878 301.588 708 151.288 C167 709
300.879 301.588 708 151.288 C167 709
300.88 301.588 707 151.285 C220 708
300.881 301.588 707 151.285 C220 708
300.882 301.588 706 151.171 B239 707
300.883 300.971 705 151.051 C212 706
300.884 300.971 705 151.051 C212 706
300.885 300.971 705 151.051 C212 706
300.886 300.971 705 151.051 C212 706
300.887 300.971 705 151.051 C212 706
300.888 300.971 705 151.051 C212 706
300.889 300.971 704 150.97 C120 705
300.89 300.971 702 150.955 E60 703
300.891 300.971 702 150.955 E60 703
300.892 300.971 702 150.955 E60 703
300.893 300.971 702 150.955 E60 703
300.894 300.263 700 150.854 A111 701
300.895 300.263 698 150.773 B270 699
300.896 300.263 696 150.671 A146 697
300.897 300.263 696 150.671 A146 697
300.898 300.263 695 150.599 B216 696
300.899 300.263 694 150.46 B194 695
300.9 300.263 694 150.46 B194 695
300.901 300.263 694 150.46 B194 695
300.902 300.263 694 150.46 B194 695
300.903 300.263 693 150.424 A167 694
300.904 298.641 692 150.417 B251 693
300.905 298.641 692 150.417 B251 693
300.906 298.641 692 150.417 B251 693
300.907 298.641 692 150.417 B251 693
300.908 298.641 692 150.417 B251 693
300.909 298.641 691 150.082 C184 692
300.91 298.641 691 150.082 C184 692
300.911 298.641 691 150.082 C184 692
300.912 298.641 691 150.082 C184 692
300.913 298.641 691 150.082 C184 692
300.914 298.641 691 150.082 C184 692
300.915 298.641 691 150.082 C184 692
300.916 298.641 691 150.082 C184 692
300.917 298.641 691 150.082 C184 692
300.918 298.641 691 150.082 C184 692
300.919 298.641 691 150.082 C184 692
300.92 298.641 691 150.082 C184 692
300.921 298.641 691 150.082 C184 692
300.922 298.641 691 150.082 C184 692
300.923 298.246 690 149.867 D93 691
300.924 298.246 689 149.856 D55 690
300.925 298.246 689 149.856 D55 690
300.926 297.41 688 149.84 A170 689
300.927 297.41 688 149.84 A170 689
300.928 297.41 687 149.807 D95 688
300.929 297.41 687 149.807 D95 688
300.93 296.705 686 149.773 B154 687
300.931 296.705 686 149.773 B154 687
300.932 296.705 685 149.511 A171 686
300.933 296.705 685 149.511 A171 686
300.934 296.705 684 149.509 D94 685
300.935 296.55 683 149.481 A168 684
300.936 296.55 683 149.481 A168 684
300.937 296.55 683 149.481 A168 684
300.938 296.55 683 149.481 A168 684
300.939 296.55 683 149.481 A168 684
300.94 296.55 683 149.481 A168 684
300.941 296.527 680 149.31 A169 681
300.942 296.527 679 149.128 C219 680
300.943 296.527 679 149.128 C219 680
300.944 296.527 679 149.128 C219 680
300.945 296.527 679 149.128 C219 680
300.946 296.527 679 149.128 C219 680
300.947 296.527 679 149.128 C219 680
300.948 296.527 679 149.128 C219 680
300.949 294.577 678 149.079 A128 679
300.95 294.577 678 149.079 A128 679
300.951 294.577 678 149.079 A128 679
300.952 294.577 678 149.079 A128 679
300.953 294.577 678 149.079 A128 679
300.954 293.826 677 148.81 E61 678
300.955 293.826 677 148.81 E61 678
300.956 293.826 677 148.81 E61 678
300.957 293.826 677 148.81 E61 678
300.958 293.826 677 148.81 E61 678
300.959 293.826 677 148.81 E61 678
300.96 293.826 675 148.77 E66 676
300.961 293.826 675 148.77 E66 676
300.962 293.826 675 148.77 E66 676
300.963 293.826 675 148.77 E66 676
300.964 293.826 672 148.491 C214 673
300.965 293.826 672 148.491 C214 673
300.966 293.826 672 148.491 C214 673
300.967 293.826 672 148.491 C214 673
300.968 293.826 672 148.491 C214 673
300.969 293.826 672 148.491 C214 673
300.97 293.826 672 148.491 C214 673
300.971 293.826 672 148.491 C214 673
300.972 293.826 672 148.491 C214 673
300.973 293.826 671 148.272 E48 672
300.974 293.826 671 148.272 E48 672
300.975 293.826 671 148.272 E48 672
300.976 293.826 671 148.272 E48 672
300.977 293.826 671 148.272 E48 672
300.978 293.826 670 148.267 C216 671
300.979 293.826 670 148.267 C216 671
300.98 293.826 669 148.113 C215 670
300.981 293.826 669 148.113 C215 670
300.982 293.826 669 148.113 C215 670
300.983 293.826 668 148.102 C218 669
300.984 293.826 668 148.102 C218 669
300.985 293.421 666 147.955 A96 667
300.986 293.421 665 147.812 C217 666
300.987 293.421 665 147.812 C217 666
300.988 293.421 665 147.812 C217 666
300.989 293.421 665 147.812 C217 666
300.99 293.421 665 147.812 C217 666
300.991 293.421 665 147.812 C217 666
300.992 293.421 665 147.812 C217 666
300.993 293.421 665 147.812 C217 666
300.994 293.421 663 147.628 D64 664
300.995 293.421 663 147.628 D64 664
300.996 293.421 663 147.628 D64 664
300.997 293.421 663 147.628 D64 664
300.998 293.421 663 147.628 D64 664
300.999 293.421 662 147.503 B267 663
301 293.421 661 147.475 B250 662
